xte_carrot = [0.199931,0.182937,0.129039,0.064959,0.0089769,0.0686189,0.124813,0.13363,0.12494,0.0985494,0.0754048,0.0624647,0.0615472,0.0477571,0.0439523,0.0585357,0.0864927,0.0993179,0.0990851,0.0667577,0.0230803,0.0264155,0.0727653,0.103768,0.114634,0.102664,0.0835633,0.0587536,0.0491707,0.0620127,0.0729978,0.0901639,0.0930662,0.0918447,0.0825151,0.0593368,0.0180953,0.0360367,0.083917,0.122778,0.141996,0.142121,0.113133,0.080618,0.0381517,0.0164389,0.0478837,0.0974151,0.125164,0.146515,0.14027,0.111245,0.0647955,0.0193762,0.0342313,0.0894372,0.137031,0.157821,0.161708,0.1416,0.109106,0.0693423,0.0352883,0.0502957,0.0927626,0.13936,0.154558,0.147833,0.117065,0.0700367,0.0267955,0.0391167,0.0888246,0.142123,0.161254,0.167157,0.15475,0.118843,0.0714714,0.0240541,0.0581181,0.109969,0.155604,0.181794,0.18004];
time = 33.8s
set_speed = 0.5
