dist_err_carrot = {[7.35626,7.35626,7.35278,7.34852,7.33778,7.33236,7.32348,7.32001,7.30811,7.30118,7.26234,7.19839,7.12461,7.04429,6.95916,6.86784,6.78302,6.69199,6.60238,6.51221,6.42007,6.33021,6.24231,6.15021,6.04898,5.94889,5.85762,5.76693,5.66708,5.57415,5.47431,5.37391,5.28213,5.17922,5.08051,4.98292,4.88422,4.78694,4.68601,4.58398,4.48363,4.38384,4.28516,4.17789,4.07552,3.97684,3.87597,3.77029,3.65987,3.5586,3.46049,3.36183,3.25946,3.15916,3.0546,2.95059,2.84824,2.75086,2.65016,2.55002,2.44462,2.34124,2.22749,2.12412,2.01004,1.90887,1.80665,1.70335,1.59395,1.48808,1.38697,1.28535,1.17433,1.06606,0.962395,0.857683,0.746722,0.639274,0.527216,0.420482,0.307066,0.2019,0.0986153,0.0602764,0.147779,0.230713,0.197386,0.13311,0.139589,0.0629113,0.165717,0.146881,0.134256,0.147007,0.0986649,0.105916,0.0641184,0.123368,0.0796094,0.181999,0.153572,0.133356,0.107229,0.151137,0.0805508,0.109488,0.0383744,0.129534,0.122303,0.205083,0.165816,0.115232,0.0597347,0.104895,0.0685005,0.132396,0.102777,0.161214,0.117199,0.0840418,0.122146,0.0664577,0.160206,0.13292,0.134668,0.199444,0.160188,0.113142,0.101893,0.140861,0.0799071,0.053031,0.147078,0.140061,0.215336,0.171781,0.112913,0.107746,0.0248045,0.0906145,0.0915559,0.172517,0.165866,0.207318,0.151154,0.157178,0.078846,0.104752,0.0603486,0.144313,0.153271,0.211154,0.165003,0.118605,0.0778702,0.103732,0.0421448,0.124595,0.142971,0.188382,0.17172,0.191864,0.125046,0.129356,0.042022,0.120626,0.119056,0.209105,0.200864,0.180565]};
time = 33.8s
size =  50
set_speed = 0.5
