dist_err_vel = {[3.02506,3.02506,3.00706,2.94406,2.87312,2.79513,2.71115,2.63225,2.55525,2.48126,2.40827,2.33528,2.26841,2.20458,2.13979,2.07481,2.00607,1.93511,1.86415,1.7943,1.72635,1.65541,1.58466,1.51374,1.44283,1.36959,1.29901,1.23012,1.16424,1.09901,1.03181,0.964513,0.897381,0.833106,0.768194,0.701429,0.636355,0.568023,0.50111,0.433722,0.368857,0.30869,0.251767,0.197296],[0.250666,0.219902,0.202706,0.182191],[0.263212,0.220137,0.187511],[0.260831,0.222285,0.187239],[0.269333,0.234422,0.197833],[0.273531,0.243328,0.207748,0.17912],[0.239219,0.210011,0.182905],[0.215622,0.188953],[0.216319,0.180452],[0.199998],[0.216392,0.17204],[0.188869],[0.198282],[0.200759,0.141508],[0.147326],[0.167304],[0.187253],[0.212753,0.155866],[0.204423,0.164221],[0.217795,0.18147],[0.250153,0.207637,0.170802],[0.251466,0.21483,0.184565],[0.264125,0.233818,0.197513],[0.287046,0.255758,0.224597,0.20732,0.176653],[0.251582,0.215789,0.1671],[0.236357,0.186903],[0.24959,0.218567,0.176662],[0.251529,0.214233,0.166792],[0.245121,0.208763,0.167351],[0.235825,0.194573],[0.249094,0.204782,0.154234],[0.208325,0.159045],[0.211878,0.161043],[0.213845,0.164083],[0.20907,0.16101],[0.211367,0.161769],[0.202596,0.152958],[0.197812],[0.24334,0.198329],[0.244971,0.200032,0.155188],[0.19806],[0.237163,0.186781],[0.227951,0.177814],[0.22259,0.167217],[0.226592,0.176135],[0.241963,0.190174],[0.256909,0.204145,0.163935],[0.245136,0.196792],[0.284909,0.243746,0.198515],[0.289258]};
time = 30.8s
size =  50
thresh = 0.2
set_speed = 0.3
