dist_err_vel = {[2.94736,2.94736,2.93121,2.8742,2.8112,2.7442,2.67921,2.61321,2.55124,2.48025,2.41223,2.34324,2.28025,2.21547,2.15349,2.08648,2.02149,1.96151,1.90452,1.84054,1.76656,1.70362,1.64364,1.57747,1.51949,1.45963,1.39965,1.34768,1.29365,1.23967,1.17995,1.122,1.06338,1.00746,0.952768,0.900382,0.846146,0.795989,0.747109,0.70059,0.655127,0.613496,0.571349,0.52503,0.487088,0.447845,0.408965,0.373556,0.345103,0.311538,0.292165],[0.244836],[0.2853],[0.369235,0.355245,0.333933,0.307771,0.283564],[0.377221,0.344152,0.322814,0.293654],[0.376192,0.352719,0.331893,0.306654,0.283971],[0.35963,0.329872,0.309068,0.284028],[0.348725,0.3183,0.289975],[0.3475,0.321498,0.289516],[0.355215,0.328628,0.291593],[0.350779,0.318593,0.27791],[0.326842,0.283995],[0.323327,0.284008],[0.325528,0.286576],[0.333921,0.29079],[0.347923,0.308856,0.27016],[0.316412,0.285035],[0.350714,0.311312,0.273888],[0.332923,0.30135,0.275081],[0.345287,0.315423,0.283432],[0.351889,0.320487,0.286498],[0.361701,0.322851,0.291574],[0.363315,0.335489,0.308699,0.272599],[0.358546,0.333002,0.30888,0.279974],[0.375231,0.347891,0.325689,0.300188,0.27978],[0.371246,0.356456,0.331219,0.308313,0.274995],[0.362017,0.339962,0.307449,0.27535],[0.34599,0.314586,0.284674],[0.363473,0.337933,0.311262,0.285775],[0.365171,0.341708,0.318462,0.295486],[0.361737,0.33643,0.312071,0.281293],[0.342669,0.312911,0.277247],[0.338642,0.303249,0.276674],[0.331426,0.297089],[0.359617,0.322946,0.305273,0.281785],[0.347989,0.320684,0.301679,0.274715],[0.341123,0.316408,0.294997],[0.348457,0.331292,0.311118,0.283133],[0.347623,0.324716,0.310416,0.282982],[0.338094,0.304212,0.277645],[0.335294,0.307828,0.279308],[0.337168,0.306758,0.284882],[0.339338,0.309288,0.283575],[0.349764,0.319611,0.296449],[0.352034,0.321617,0.279173],[0.34532,0.309493,0.278178],[0.34284,0.313581,0.277502],[0.353173,0.321868,0.28902],[0.371585,0.331793,0.306099,0.28239],[0.366843]};
time = 41.2s
size =  50
thresh = 0.3
set_speed = 0.2
