xte_vel = [0.0419155,0.0499631,0.0510163,0.0523744,0.0580817,0.0617443,0.0731431,0.0869834,0.097789,0.112001,0.117598,0.126721,0.136434,0.133905,0.134905,0.135437,0.147639,0.145704,0.139019,0.145354,0.137112,0.13531,0.0693432,0.0110317,0.0716416,0.0657594,0.0447256,0.0191771,0.0128202,0.0340059,0.0526223,0.074732,0.08808,0.105446,0.107935,0.116711,0.103624,0.100881,0.0979205,0.0841059,0.0776221,0.0629386,0.048156,0.0317987,0.0231111,0.0160106,0.0210626,0.024879,0.0318301,0.0275622,0.0297184,0.0290141,0.0312071,0.0366317,0.044127,0.0473488,0.0533608,0.0633819,0.0547092,0.048624,0.0517475,0.0529991,0.0486543,0.050622,0.0413658,0.0371726,0.0284089,0.0302839,0.0220552,0.0222763,0.0304371,0.0367348,0.041931,0.044762,0.0537206,0.059505,0.0505282,0.0433777,0.0413857,0.0340665,0.0348565,0.0344028,0.0312724,0.027947,0.0276623,0.0269193,0.031345,0.0344634,0.0318576,0.0404814,0.041831,0.0425939,0.0490713,0.0645279,0.0732169,0.0830612,0.0905138,0.106279];
time = 32.6s
thresh = 0.3
set_speed = 0.3
