dist_err_vel = {[3.12932,3.12932,3.11732,3.06418,3.00733,2.94534,2.88734,2.82735,2.77136,2.71237,2.65839,2.6014,2.55167,2.49669,2.44877,2.39388,2.34319,2.28822,2.24073,2.18793,2.14016,2.08687,2.03819,1.98228,1.9372,1.88564,1.83918,1.78536,1.74048,1.69655,1.64548,1.59936,1.54579,1.50094,1.45842,1.4049,1.35857,1.30506,1.26379,1.21329,1.17096,1.12574,1.07371,1.02864,0.97461,0.925218,0.873179,0.824503,0.769992,0.719294,0.665407,0.617681,0.5658,0.516948,0.466327,0.411782,0.363675,0.31007,0.254771],[0.260377],[0.321752,0.29686],[0.385067,0.367578,0.338636,0.316545,0.272704],[0.335894,0.297824],[0.355411,0.320921,0.275657],[0.342403,0.309478,0.267837],[0.337682,0.291154],[0.353149,0.303167,0.26091],[0.293687],[0.331332,0.280099],[0.312446,0.252641],[0.285169],[0.296698],[0.321288,0.256408],[0.259366],[0.281398],[0.29513],[0.329139,0.259004],[0.302084,0.248932],[0.314276,0.269618],[0.338101,0.291488],[0.368848,0.330532,0.282181],[0.365181,0.331708,0.290749],[0.375132,0.331358,0.287916],[0.354904,0.3189,0.272239],[0.337127,0.281792],[0.333245,0.294268],[0.353974,0.307879,0.272496],[0.337559,0.299744],[0.374925,0.341002,0.302337,0.265085],[0.325792,0.291098],[0.351057,0.315762,0.274393],[0.339619,0.294783],[0.351775,0.314274,0.270995],[0.312373,0.268939],[0.308742,0.27185],[0.311028,0.27328],[0.30599,0.262215],[0.296886],[0.340078,0.283918],[0.329947,0.280252],[0.32279,0.266886],[0.312844,0.257843],[0.309484,0.257562],[0.311605,0.26558],[0.323019,0.274768],[0.342404,0.298099],[0.376128,0.330807,0.294729],[0.378803]};
time = 32.6s
size =  50
thresh = 0.3
set_speed = 0.3
