xte_vel = [0.00827871,0.00561999,0.0249973,0.0490994,0.0635641,0.0786269,0.0990861,0.115303,0.128675,0.135555,0.15394,0.161548,0.168829,0.166492,0.173657,0.172768,0.168129,0.163077,0.155242,0.145264,0.140164,0.128643,0.107133,0.050099,0.0529054,0.0716766,0.060454,0.0630466,0.0661431,0.0847108,0.0942913,0.104952,0.113798,0.127474,0.124987,0.114683,0.124012,0.112192,0.10018,0.0789379,0.0749927,0.0639119,0.0527209,0.0445001,0.0421442,0.0470086,0.0476536,0.0530402,0.0494155,0.0537489,0.0541692,0.0481325,0.0420961,0.0279139,0.0244887,0.0254694,0.0246942,0.0289046,0.0301618,0.0340573,0.0339667,0.0314689,0.0330032,0.0272995,0.0343483,0.0349907,0.0306824,0.0359937,0.0401693,0.0420111,0.0401445,0.034457,0.029509,0.0324254,0.0347366,0.0311706,0.0279746,0.0269232,0.0194413,0.0137781,0.0103452,0.00774259,0.00614573,0.00665488,0.0074939,0.0124034,0.0132575,0.0163043,0.0131899,0.0114492,0.00616008,0.0066453,0.0200928,0.0258623,0.0254503,0.0283714,0.0390729,0.054562,0.0635434,0.0731312,0.0806582,0.0930524,0.103536,0.112186];
time = 30.8s
thresh = 0.2
set_speed = 0.3
