dist_err_vel = {[3.21828,3.21828,3.20734,3.13626,3.05227,2.96427,2.87749,2.7885,2.70152,2.6137,2.52573,2.43975,2.35778,2.27405,2.18671,2.10474,2.02177,1.93969,1.86062,1.77965,1.70536,1.62735,1.54736,1.46643,1.38545,1.30557,1.22361,1.1418,1.06086,0.981167,0.903925,0.826012,0.748117,0.667906,0.594019,0.512182,0.429573,0.352698,0.275247,0.195348],[0.172461],[0.258967,0.246788,0.243626,0.211536,0.162805],[0.223095,0.166395],[0.231488,0.172341],[0.240441,0.183422],[0.252878,0.198809],[0.266103,0.215836,0.161957],[0.216351,0.154063],[0.210253,0.141434],[0.189581],[0.23448,0.159624],[0.202888,0.121162],[0.165522],[0.207977,0.137349],[0.192216],[0.247972,0.189577],[0.239302,0.18482],[0.224688,0.162327],[0.200911,0.134243],[0.166116],[0.200707,0.133797],[0.163284],[0.198887],[0.236611,0.147655],[0.179326],[0.2241,0.149763],[0.197792],[0.252406,0.193144],[0.24464,0.194499],[0.242061,0.190593],[0.239738,0.181662],[0.215641,0.146159],[0.187822],[0.230102,0.153239],[0.200962,0.12651],[0.177346],[0.231366,0.153615],[0.203292,0.136895],[0.186298],[0.247685,0.190434],[0.243689,0.185373],[0.232959,0.177291],[0.227143,0.161765],[0.19155],[0.232484,0.156939],[0.2065,0.127334],[0.173659],[0.222837,0.157771],[0.193638]};
time = 25.2s
size =  50
thresh = 0.2
set_speed = 0.4
