xte_vel = [1.33903,1.26103,1.195,1.12102,1.05009,0.980226,0.912243,0.835266,0.76251,0.683569,0.623007,0.552137,0.492594,0.42203,0.358839,0.288051,0.227889,0.038124,0.0453392,0.0723991,0.0930266,0.134711,0.149917,0.186098,0.202728,0.225403,0.231385,0.235517,0.233695,0.237989,0.221602,0.217878,0.206713,0.189819,0.170691,0.15363,0.144734,0.124881,0.117152,0.103661,0.103516,0.0961875,0.10407,0.104025,0.117156,0.121174,0.142854,0.160572,0.179745,0.18237,0.203275,0.202083,0.214482,0.209801,0.218137,0.209466,0.213956,0.198391,0.196027,0.190634,0.188043,0.179352,0.178158,0.176818,0.17527,0.173093,0.17927,0.188665,0.182863,0.184335,0.190411,0.193689,0.203831,0.204783,0.207777,0.209746,0.221319,0.210953,0.22232,0.214959,0.232496,0.222512,0.234622,0.25691,0.254831,0.276322,0.269352,0.262362];
time = 23.8s
thresh = 0.3
set_speed = 0.4
