xte_vel = [0.105131,0.107553,0.106035,0.109154,0.107224,0.113659,0.113417,0.118831,0.120278,0.119603,0.119053,0.112051,0.10983,0.109103,0.108481,0.105467,0.101356,0.0957105,0.099475,0.0998715,0.0991734,0.103656,0.107629,0.10441,0.11172,0.117879,0.123374,0.129172,0.135193,0.141305,0.152374,0.152889,0.154187,0.155222,0.15106,0.154953,0.149246,0.149911,0.152878,0.149407,0.14186,0.149451,0.147715,0.142598,0.14313,0.142804,0.134381,0.133646,0.137262,0.136901,0.137322,0.138588,0.136665,0.132459,0.130379,0.129782,0.128976,0.121152,0.123539,0.122824,0.125868,0.123798,0.121883,0.128841,0.118889,0.116825,0.125802,0.128783,0.128254,0.128576,0.13113,0.139871,0.145237,0.156488,0.161112,0.185022,0.189155,0.203324,0.205203,0.212404,0.21489,0.217473,0.217917];
time = 29.6s
thresh = 0.3
set_speed = 0.3
