dist_err_pos = {[3.07644,3.07644,3.03452,2.87177,2.67098,2.46388,2.25996,2.05406,1.84796,1.64268,1.43458,1.22649,1.02142,0.819385,0.642491,0.502509,0.397793],[0.353072],[0.377603],[0.444151,0.410871,0.375231],[0.4309,0.394238],[0.451278,0.413235,0.369008],[0.423933,0.375702],[0.428571,0.381897],[0.434052,0.38261],[0.424489,0.37498],[0.422823,0.363153],[0.39876],[0.421568,0.368087],[0.387293],[0.409724,0.3401],[0.35544],[0.36391],[0.370582],[0.383526],[0.403449,0.333333],[0.362323],[0.395249],[0.433567,0.378182],[0.433427,0.383552],[0.445484,0.400579,0.352008],[0.425466,0.37999],[0.45031,0.405386,0.361336],[0.420165,0.367136],[0.416586,0.380701],[0.421218,0.379805],[0.418005,0.369616],[0.396846],[0.435319,0.389508],[0.417541,0.372654],[0.402588,0.349147],[0.378676],[0.417056,0.360233],[0.384383],[0.416223,0.360632],[0.400364,0.350845],[0.387422],[0.426575,0.36436],[0.406142,0.350032],[0.394493],[0.435136,0.380948],[0.426094,0.363458],[0.407565,0.340587],[0.389502],[0.434251,0.383687],[0.438437]};
time = 20.2s
size =  50
thresh = 0.4
