xte_pos = [0.144482,0.143962,0.135828,0.140514,0.135568,0.142668,0.138763,0.13827,0.13135,0.129066,0.118686,0.11795,0.113926,0.107633,0.0963278,0.0924939,0.0865283,0.0856898,0.0935188,0.089152,0.0903577,0.0898143,0.0839122,0.0803524,0.0761641,0.0639841,0.0601689,0.057759,0.050602,0.0438083,0.0377313,0.0338725,0.0291426,0.0236172,0.0253363,0.0284679,0.0331694,0.0409765,0.0561985,0.0663475,0.0780736,0.077249,0.0853415,0.0771701,0.0843145,0.0780888,0.0798809,0.0762785,0.0771452,0.0749724,0.0686036,0.0577671,0.0521705,0.0449373,0.0399504,0.0329936,0.0329304,0.0317419,0.0304168,0.0186592,0.0192917,0.0254711,0.0206655,0.0158825,0.0145539,0.01831,0.0130492,0.0173368,0.0147911,0.0220078,0.02168,0.0309353,0.0325703,0.0382745,0.0399628,0.0501138,0.0562539,0.0499804,0.052783,0.0470169,0.0438421,0.0400331,0.0412155,0.0410541,0.0434081,0.0369086,0.0420064,0.0424845,0.0405991,0.0365519,0.0325001,0.0274822,0.0281792,0.0260353,0.0292315,0.0315457,0.0431231,0.0452021,0.0455601,0.0438131,0.0445546,0.0434292,0.0433221,0.0440331,0.0391877,0.0414366,0.046041,0.0462275,0.0466463,0.0462671,0.0448823,0.0432001,0.0440146,0.0429874,0.0446205,0.0465577,0.0448436,0.0440643,0.0436546,0.0430764,0.0489673,0.0508569,0.0530712,0.0527138,0.0535105,0.0566403,0.0587826,0.0599812,0.0572024,0.0560003,0.0580868,0.0565088,0.0533198,0.0464881,0.0439044,0.0425697,0.0461348,0.0470005,0.0501976,0.0468413,0.0450004,0.0503921,0.0469877,0.056066,0.0527032,0.0539798,0.0460231,0.0536211,0.051677,0.0500828,0.0517597,0.0577766,0.0629027,0.0604259,0.0635887,0.0560407,0.0678551,0.0731,0.0777849,0.0850596,0.0910569,0.0918889,0.085528,0.0905615];
time = 38.8s
thresh = 0.2
