xte_pos = [0.139489,0.125012,0.110075,0.10335,0.09186,0.0858768,0.0791133,0.0765831,0.0805674,0.0809465,0.0828967,0.0778633,0.0964327,0.106359,0.1194,0.121111,0.122552,0.140787,0.140088,0.139038,0.127961,0.0874092,0.00578317,0.0740698,0.102646,0.0909476,0.0755301,0.0555747,0.035155,0.0313154,0.0201312,0.0261267,0.0387861,0.0425163,0.0547729,0.054681,0.0575033,0.0540333,0.0551488,0.047481,0.0411926,0.0390015,0.0466469,0.0570493,0.0694301,0.0834472,0.0866329,0.100128,0.0983956,0.106255,0.103333,0.114392,0.105396,0.110362,0.107863,0.110105,0.109101,0.103106,0.10022,0.102022,0.0941862,0.0922757,0.0904292,0.0793716,0.0744726,0.0687106,0.0668744,0.0599173,0.0530429,0.0440003,0.0365297,0.0352761,0.0346845,0.0411161,0.0478696,0.0482012,0.0473043,0.0446017,0.0430883,0.0432386];
time = 20.2s
thresh = 0.4
