xte_pos = [2.818,2.608,2.40102,2.19618,1.99031,1.78739,1.58263,1.38398,0.0812627,0.0828375,0.0776481,0.0754345,0.0697982,0.0601928,0.0524746,0.0460144,0.0447094,0.0403828,0.0331105,0.0320944,0.0272354,0.029362,0.0276764,0.0257113,0.0246841,0.0222007,0.0211785,0.0210056,0.0211803,0.0237844,0.0243918,0.0243452,0.0264578,0.0280217,0.0285701,0.0310007,0.0300072,0.029034,0.0310919,0.0360029,0.0383306,0.039106,0.0392084,0.0401933,0.0395674,0.0391954,0.0350153,0.0310639,0.0291087,0.0254267,0.0288995,0.0352111,0.0308047,0.0408423,0.045345,0.0483387,0.0485937,0.05553,0.0588618,0.0629973,0.0615309,0.0621973,0.0657596,0.061692,0.060082,0.0505615,0.0415822,0.0327966,0.0230579,0.0248726,0.0206974,0.0220216,0.0220042,0.0229578,0.0253979,0.0274035,0.0271129,0.0260653,0.0265125,0.030791,0.0346704,0.0380948,0.0370623,0.0365733,0.0352217,0.0397387,0.0378387,0.0377606,0.0388282,0.0417124,0.0453844,0.0411292,0.0379162,0.0383155,0.038763,0.0480273,0.0489898,0.0465366,0.0448431,0.0475772,0.0448315,0.0406389,0.046197,0.0443252,0.035648,0.0362833,0.0391023,0.0428801,0.0492527,0.0504833,0.0467977,0.0445261,0.039381,0.0392638,0.0458816,0.0458816,0.0503446,0.0509469,0.0599837,0.059389,0.0588051,0.0540734,0.0585386,0.0613523,0.0617633,0.0640388,0.0668503,0.0663703,0.0725374,0.0782348,0.077745,0.0772514,0.0782234,0.0782923,0.0768277,0.0757836,0.0758728,0.0712232,0.0710008,0.0700032,0.0630225,0.0560649,0.0531296,0.0490532,0.0467893,0.0454865,0.0479016,0.0460562,0.0511997,0.0518863,0.0513992,0.0519475,0.0533308,0.0551878,0.0594982,0.0619061,0.0654115,0.0671109,0.0702076,0.0729343,0.0776935,0.0826816,0.0746612,0.0729541,0.0729541,0.0769738,0.0837115,0.076967,0.0728284,0.0656519,0.0632314,0.0582669,0.052068,0.0456219,0.0428502,0.0368948,0.0361121,0.0370498,0.037556,0.0376083,0.0378878,0.0385152,0.0355164,0.0320017,0.0335535,0.0274701,0.0268057,0.0227981,0.0232774,0.0235482,0.0220005,0.0231123,0.0235166,0.0281408,0.0240508,0.0283541,0.0342333,0.0278328,0.0296213,0.0269087,0.0287285,0.0279068,0.03371,0.0328508,0.034117,0.0334684,0.0328384,0.0261805,0.0234644,0.0259109,0.0237614,0.0233345,0.0244759,0.0248457,0.0255858,0.0264798,0.0276537,0.0214077,0.0185757,0.0207929,0.0220957,0.0269864,0.0264415,0.0281526,0.0320162,0.0286748,0.031799,0.0298004,0.0349398,0.036197,0.0381373,0.0485267,0.041222,0.0458815,0.0525717,0.0523624,0.0578264,0.0531034,0.0535346,0.0559955,0.0552465,0.0591677,0.0594544,0.0597427,0.0544298,0.0530389,0.0510815,0.049594];
time = 55s
thresh = 0.1
