dist_err_vel = {[3.0576,3.0576,3.0427,3.00571,2.94903,2.89822,2.85064,2.80489,2.75641,2.70973,2.66869,2.61811,2.57292,2.52683,2.48183,2.43644,2.38762,2.33781,2.29256,2.24437,2.18988,2.14215,2.09289,2.04819,1.9989,1.94933,1.89078,1.84525,1.78787,1.7443,1.6932,1.65381,1.60287,1.55769,1.51094,1.46633,1.41458,1.36682,1.32075,1.27615,1.23051,1.18114,1.13683,1.09372,1.05076,1.00584,0.957187,0.90991,0.869869,0.834599,0.788622,0.749694,0.708089,0.670609,0.629943,0.592201,0.551833,0.510765,0.466405,0.430362,0.388885,0.352285,0.314178,0.274509,0.243296,0.208293,0.174881],[0.225755,0.202257,0.183636],[0.271444,0.251475,0.233818,0.208287,0.181441],[0.268641,0.246818,0.221325,0.194977],[0.28554,0.263597,0.237252,0.21619,0.194722],[0.278748,0.254829,0.225747,0.194337],[0.263889,0.227499,0.194687],[0.246376,0.203324,0.151792],[0.201238,0.150358],[0.195792],[0.23281,0.1888],[0.233858,0.185689],[0.221467,0.173337],[0.212153,0.158285],[0.19315],[0.225934,0.181052],[0.219623,0.168652],[0.224046,0.17887],[0.23007,0.194256],[0.264891,0.234392,0.206298,0.181607],[0.262834,0.248474,0.220776,0.205859,0.186687],[0.275869,0.255954,0.243019,0.230323,0.211821,0.193307],[0.286862,0.261851,0.24312,0.218204,0.193337],[0.291401,0.27284,0.241162,0.21549,0.177433],[0.275013,0.243397,0.216666,0.185377],[0.268299,0.229631,0.20255,0.16605],[0.252068,0.222852,0.186048],[0.281276,0.259945,0.23423,0.214336,0.18461],[0.287137,0.260788,0.247179,0.228023,0.218196,0.195604],[0.292641,0.269416,0.262034,0.247494,0.232867,0.2109,0.188289],[0.274023,0.251317,0.229044,0.20669,0.184595],[0.272524,0.250452,0.22388,0.195987],[0.267033,0.239624,0.219871,0.189359],[0.259016,0.228833,0.205254,0.176336],[0.242745,0.217917,0.18955],[0.247456,0.217454,0.186598],[0.244576,0.2203,0.19343],[0.24296,0.221235,0.187314],[0.239004,0.201485,0.172343],[0.219788,0.184652],[0.236086,0.190238],[0.245873,0.200847,0.151614],[0.198497],[0.242253,0.196383],[0.258341,0.204976,0.16369],[0.215962,0.169342],[0.228664,0.196926],[0.278043,0.247323,0.224586,0.217955,0.205591,0.212011,0.218561,0.233032,0.251188,0.262945,0.281787,0.28988,0.303761,0.306312,0.313404,0.316949,0.323239,0.312244,0.308586,0.287841,0.282697,0.269372,0.265982,0.262794,0.242474,0.226558,0.211677,0.195876],[0.116945],[0.160533]};
time = 49.2s
size =  50
thresh = 0.2
set_speed = 0.2
