xte_vel = [0.402643,0.364322,0.332607,0.29719,0.272886,0.243908,0.217209,0.195058,0.174352,0.157115,0.138929,0.133464,0.123766,0.120895,0.118382,0.117849,0.124225,0.134849,0.139102,0.141558,0.149006,0.159661,0.159451,0.161981,0.166361,0.172593,0.167981,0.164357,0.157749,0.163035,0.15869,0.166005,0.165077,0.15986,0.167344,0.164793,0.154089,0.14838,0.138266,0.126108,0.115615,0.109214,0.102169,0.0966685,0.0948317,0.0939331,0.089752,0.0861374,0.0854573,0.0826302,0.0753415,0.0667924,0.0636553,0.0591575,0.0530617,0.0446854,0.04018,0.0380005,0.0377183,0.0372321,0.0423123,0.0441389,0.0423708,0.0375714,0.0289755,0.0208908,0.01231,0.00721332,0.00727347,0.0135909,0.0231323,0.0365074,0.0469488,0.051691,0.0501372,0.0484247,0.0494076,0.0501468,0.0429471,0.0459909,0.043547,0.041398,0.042004,0.0470886,0.0486172,0.0530763,0.0618659,0.0669225,0.0669225,0.0712294,0.0756216,0.0785626,0.0889056,0.0972269,0.103837,0.105156,0.104436,0.102868,0.101114,0.0976999,0.0960024,0.0962926,0.0986941,0.0988324,0.0996992,0.0983653,0.100294,0.0964402,0.0971581,0.094507,0.0950277,0.0960718,0.0990309,0.101079,0.108413,0.112813,0.120992,0.133213,0.14204,0.145516,0.144782,0.142585,0.141062,0.143127,0.142123,0.152456,0.152928,0.156503,0.155465,0.153453,0.145381,0.147286,0.147924,0.149844,0.148019,0.146023,0.142266,0.142386,0.139265,0.136981,0.130246,0.133521,0.130548,0.131393,0.130887,0.132788,0.127539,0.122767,0.113765,0.110938,0.104071,0.102382,0.0994743,0.0992946,0.0965539,0.0980649,0.103001,0.104027,0.105098,0.105756,0.102581];
time = 41.2s
thresh = 0.3
set_speed = 0.2
