dist_err_carrot = {[7.31371,7.31371,7.30635,7.27987,7.24405,7.20063,7.12584,7.04619,6.95707,6.87591,6.76745,6.66397,6.57338,6.46878,6.37025,6.27173,6.17105,6.0849,5.98263,5.86747,5.76792,5.6632,5.55972,5.47184,5.36339,5.25259,5.14965,5.04101,4.94022,4.82944,4.74451,4.63162,4.52869,4.42281,4.33145,4.2207,4.12721,4.02695,3.9267,3.82804,3.71495,3.60205,3.49458,3.39485,3.279,3.18553,3.08368,2.97154,2.87182,2.7705,2.66918,2.56999,2.46411,2.34203,2.23102,2.12409,2.01666,1.90876,1.79873,1.68876,1.5875,1.48736,1.38031,1.2723,1.17007,1.06555,0.964072,0.866649,0.767129,0.676291,0.567321,0.466813,0.366831,0.267072,0.183654,0.0737686,0.0366595,0.115547,0.175472,0.144412,0.0824563,0.130817,0.0866559,0.0799548,0.124211,0.166545,0.086317,0.0976588,0.0352431,0.0971411,0.0688185,0.131062,0.0820303,0.0382941,0.12508,0.0911333,0.140234,0.0742536,0.112514,0.0501483,0.119396,0.072944,0.145287,0.0906306,0.0430601,0.100312,0.0659657,0.110968,0.0629122,0.0957343,0.0398412,0.0956641,0.0530468,0.113473,0.0592776,0.131211,0.0715562,0.135264,0.0767118,0.0169953,0.0730722,0.152987,0.0929234,0.0337046,0.0643547,0.135129,0.066781,0.131239,0.0590407,0.125004,0.0735475,0.117216,0.0742845,0.10107,0.0502184,0.0828355,0.0325095,0.0747772,0.148248,0.0933893,0.067729,0.079235,0.151176,0.0789286,0.0256112,0.0913359,0.0629171,0.119641,0.0726556,0.125462,0.0683081,0.142137,0.0894396,0.075113,0.12024,0.116182,0.18142,0.143137,0.0822713,0.117472,0.0500863,0.126875,0.0731478,0.150912,0.102435,0.0625927,0.0892954,0.0289134]};
time = 33.4s
size =  50
set_speed = 0.5
