dist_err_carrot = {[2.44708,2.44708,2.31476,2.21493,2.1534,2.0952,2.037,1.98026,1.92563,1.86143,1.80515,1.75048,1.70194,1.65176,1.60745,1.5581,1.51874,1.47941,1.43989,1.40155,1.36859,1.33272,1.30718,1.27499,1.24864,1.23037,1.19728,1.17524,1.13945,1.11186,1.08748,1.05606,1.02454,0.984413,0.952333,0.913729,0.867913,0.824859,0.785149,0.738112,0.697366,0.646166,0.587653,0.533785,0.484468,0.430422,0.369267,0.309793,0.25476,0.210723,0.153759,0.105761,0.0574043,0.0667004,0.114834,0.123495,0.154126,0.191463,0.167493,0.167171,0.182422,0.133579,0.113332,0.10024,0.121916,0.0504335,0.0607562,0.104848,0.0534245,0.0713436,0.116215,0.0581204,0.0731974,0.124077,0.0401709,0.0987672,0.0615448,0.110218,0.0972245,0.126334,0.162297,0.102717,0.112616,0.0796906,0.0589819,0.0847804,0.0440225,0.0494479,0.096045,0.0593884,0.0722652,0.10786,0.0580675,0.0699878,0.117663,0.0363172,0.101065,0.0684335,0.119228,0.0999399,0.113297,0.141334,0.0781274,0.0821834,0.116402,0.0230682,0.0649847,0.114781,0.0576332,0.0945309,0.0499337,0.0744033,0.120718,0.0423012,0.0956688,0.0336663,0.0874806,0.06412,0.0912096,0.141203,0.0734043,0.0976156,0.0329861,0.0466901,0.104719,0.0473634,0.101595,0.0640077,0.0952434,0.134458,0.0582135,0.108152,0.0256504,0.0817901,0.0540672,0.0950328,0.145424,0.0904217,0.11836,0.0590484,0.0765605,0.121331,0.0408291,0.105132,0.0592389,0.113958,0.0796516,0.1095,0.058547,0.0647298,0.114165,0.0364795,0.0968709,0.0512516,0.105704,0.0727621,0.101445,0.0650856,0.0834456,0.134573,0.046886,0.0938771,0.0321131,0.0798016,0.136639,0.0889349,0.120615,0.0691725,0.0823241,0.123058,0.0444599,0.0977829,0.0232822,0.0813186,0.0462314]};
time = 34.8s
size =  50
set_speed = 0.3
