xte_carrot = [1.86692,1.86692,1.756,1.6683,1.5999,1.51156,1.43484,1.35008,1.2766,1.19503,1.10967,1.0196,0.944944,0.855684,0.778774,0.692983,0.597464,0.521035,0.424308,0.34983,0.272462,0.185913,0.121688,0.0633965,0.0539835,0.0645291,0.145836,0.195345,0.18177,0.136533,0.0737963,0.00517694,0.0648832,0.087429,0.0952154,0.0900796,0.0894462,0.0851367,0.0680562,0.0524134,0.0378569,0.0579391,0.0733084,0.0796478,0.0671338,0.0484236,0.00582666,0.0431662,0.0935241,0.124478,0.138189,0.117306,0.0966892,0.0597519,0.0379443,0.0422244,0.0724083,0.108089,0.129638,0.131448,0.11141,0.0704731,0.0300521,0.0381491,0.0770736,0.112135,0.119756,0.1274,0.110824,0.0897577,0.0561347,0.0326866,0.0717023,0.127506,0.157146,0.168263,0.154532,0.110665,0.066429,0.0280067,0.0515057,0.10043,0.141053,0.174692,0.179501,0.159693,0.138583,0.0916179,0.0595974,0.0481007,0.0725976,0.0963269,0.120574,0.126439,0.123535,0.0983757,0.0606673,0.0170098,0.0414453,0.083826,0.133095,0.153568,0.173703,0.154821,0.126284,0.0842646,0.0474514,0.0573686,0.10468,0.143581,0.167124,0.167538,0.152131,0.116137,0.063297,0.0250846,0.0481623];
time = 23.8s
set_speed = 0.5
