dist_err_carrot = {[2.29658,2.29658,2.1588,2.05899,2.01774,1.98109,1.94698,1.91611,1.88917,1.86004,1.83552,1.80584,1.78479,1.75489,1.73545,1.72626,1.70797,1.69534,1.67655,1.66817,1.66085,1.64237,1.62997,1.60494,1.59007,1.56855,1.55368,1.52871,1.51563,1.48568,1.46857,1.44045,1.42803,1.40044,1.38575,1.35998,1.34436,1.32105,1.30418,1.26923,1.25027,1.21165,1.18804,1.15169,1.12972,1.09444,1.07409,1.04663,1.02063,0.987088,0.95982,0.920748,0.888695,0.851054,0.815174,0.778888,0.732077,0.686551,0.648159,0.611128,0.572873,0.529169,0.490761,0.455751,0.411803,0.377915,0.334708,0.299209,0.258769,0.218773,0.180657,0.145127,0.10645,0.0873058,0.0704283,0.0875168,0.0473663,0.0574116,0.0896936,0.113714,0.0883623,0.0815999,0.0905916,0.104266,0.0515216,0.0433703,0.0446956,0.0815035,0.0324035,0.0300822,0.0627776,0.0994475,0.0244679,0.0438681,0.074135,0.0249364,0.0183413,0.0556923,0.0990226,0.0143378,0.0434156,0.083773,0.0237906,0.0189566,0.0624024,0.108045,0.0197206,0.0627166,0.104661,0.0176992,0.0489745,0.097367,0.00641274,0.0543461,0.107429,0.0218181,0.0692199,0.119117,0.0272742,0.0702794,0.112116,0.0238845,0.0637139,0.10439,0.0308751,0.05968,0.0999494,0.02751,0.0539988,0.089748,0.0106501,0.0416081,0.092415,0.0410332,0.0634488,0.0999606,0.0762035,0.085769,0.105895,0.0820083,0.076529,0.0919487,0.112842,0.0661067,0.0610961,0.0863316,0.122549,0.0453104,0.0596372,0.0893189,0.0503288,0.0361792,0.0658725,0.0999093,0.0649527,0.0737846,0.0997422,0.13528,0.085475,0.0887267,0.108305,0.0823282,0.0751696,0.0848968,0.103401,0.0751894,0.0626493,0.0823527,0.10666,0.0721703,0.05493,0.0726232,0.0998759,0.0466874,0.0510755,0.0860583,0.12123,0.0507388,0.0587211,0.0990161,0.0540393,0.0591302,0.0911969,0.0638073,0.056793,0.0778671,0.118478,0.048248,0.0607833,0.0901197,0.054694,0.0495816,0.0813866,0.118129,0.0516424,0.0640482,0.10018,0.0346393,0.0460469,0.0895305,0.0431952,0.0432469,0.0794144,0.0344034,0.0326286,0.0696311,0.112036,0.0209963,0.0596174,0.0998344,0.0106141,0.0507198,0.0898872,0.00593976,0.0496908,0.0869796,0.016304,0.0466925,0.0936787,0.0338599,0.0626768,0.108465,0.043128,0.0586896,0.0968371,0.0350483,0.0607724,0.107611,0.0200308,0.0682353,0.111059,0.0507675,0.0807053,0.119396,0.0449345]};
time = 46.8s
size =  50
set_speed = 0.2
