xte_carrot = [2.01033,2.01033,1.90699,1.82554,1.784,1.74223,1.70895,1.67105,1.63614,1.59747,1.56379,1.52865,1.50378,1.46949,1.45017,1.41625,1.3949,1.36634,1.34467,1.31702,1.29804,1.27202,1.25668,1.23321,1.21608,1.20535,1.17811,1.15944,1.12546,1.10076,1.07921,1.04904,1.01925,0.979219,0.947952,0.909796,0.864148,0.821054,0.78102,0.734668,0.693708,0.0862247,0.122602,0.14691,0.159012,0.166454,0.154707,0.151869,0.13337,0.111255,0.0815809,0.070895,0.0504335,0.0414476,0.0443978,0.0533927,0.0552405,0.0576727,0.0571401,0.0383891,0.0274039,0.0079034,0.0244317,0.0586385,0.0829083,0.0968834,0.108503,0.10682,0.0989497,0.0868372,0.0764015,0.0538241,0.0407134,0.0360999,0.0405815,0.0523159,0.058731,0.0628617,0.0632737,0.0580495,0.0353851,0.0190006,0.0178919,0.0399063,0.0678155,0.0887087,0.0998993,0.0982838,0.091464,0.0753354,0.0580517,0.0383909,0.0182403,0.0241662,0.0390606,0.051966,0.052877,0.0499022,0.0461885,0.0320885,0.0202544,0.00570877,0.0320359,0.0490505,0.0634126,0.0703004,0.073565,0.061827,0.0515848,0.0311522,0.00470208,0.0147025,0.0430041,0.0530695,0.0631748,0.0657313,0.055188,0.0401535,0.0200169,0.0185924,0.0294806,0.0537011,0.0694185,0.0723281,0.0828828,0.0715695,0.0589035,0.04041,0.0202502,0.0102998,0.0266979,0.0502025,0.0662546,0.0772865,0.0742016,0.0584483,0.046442,0.0198337,0.00247919,0.0226772,0.050766,0.0634783,0.0715239,0.069061,0.0646493,0.0496567,0.0366428,0.0217358,0.0181584,0.0321055,0.0522664,0.0677009,0.0831171,0.0802874,0.0690185,0.052712,0.0417328,0.0200869,0.003833,0.0211778,0.0382557,0.0461749];
time = 34.8s
set_speed = 0.3
