dist_err_carrot = {[2.31529,2.31529,2.18214,2.07004,1.98321,1.90104,1.82287,1.74647,1.67427,1.60503,1.53407,1.46717,1.40151,1.34037,1.28255,1.22849,1.17236,1.11766,1.06252,1.01608,0.972249,0.932586,0.889934,0.851383,0.817736,0.783207,0.764061,0.733355,0.700856,0.667521,0.625372,0.584896,0.533051,0.489463,0.436474,0.396722,0.345994,0.297315,0.240893,0.186274,0.134235,0.0915782,0.058163,0.113599,0.13095,0.168326,0.191203,0.161722,0.138161,0.119035,0.128095,0.0220738,0.0849786,0.164949,0.140309,0.191562,0.134473,0.136496,0.0622369,0.0763167,0.0296654,0.101957,0.183689,0.155427,0.136281,0.132036,0.153601,0.0818162,0.0828317,0.0280225,0.0590509,0.124686,0.0901394,0.123084,0.0903593,0.111648,0.04257,0.0934204,0.0354807,0.115401,0.0979918,0.164712,0.124607,0.156591,0.0867384,0.106824,0.0202816,0.0789045,0.0564554,0.107678,0.0869698,0.119077,0.0736244,0.106835,0.0344805,0.112529,0.0875694,0.174961,0.153904,0.132802,0.156986,0.106571,0.121741,0.0481181,0.089188,0.0448258,0.118364,0.103842,0.137919,0.103057,0.110047,0.0544989,0.0777745,0.0117406,0.0938845,0.0692217,0.134006,0.0959123,0.140306,0.0810927,0.125528,0.0516953,0.114907,0.0784484,0.154307,0.116782,0.169545,0.12238,0.153105,0.0805979,0.128674,0.0681751,0.15466,0.12806,0.113367,0.149563,0.106419,0.129548,0.0562556,0.10501,0.0626254,0.132025,0.120163]};
time = 28.4s
size =  50
set_speed = 0.4
