xte_pos = [0.15966,0.152793,0.141916,0.129941,0.117762,0.109667,0.10089,0.0940362,0.0903555,0.0855823,0.0790001,0.0785949,0.0833641,0.0857359,0.0871821,0.0842395,0.0822703,0.0817929,0.075773,0.0702499,0.071694,0.0717377,0.0734121,0.0689887,0.0642501,0.0603239,0.0588332,0.057361,0.0594721,0.0537352,0.0529351,0.0573979,0.054586,0.0566102,0.0526457,0.0498321,0.0468266,0.0461786,0.0518685,0.0556494,0.0535696,0.0539078,0.0463615,0.0481837,0.0487775,0.059245,0.0620287,0.068683,0.077124,0.0756202,0.0892925,0.0951564,0.0862208,0.0893369,0.0929523,0.0924513,0.0885131,0.0874427,0.0823533,0.080007,0.0839504,0.0812235,0.0724164,0.069665,0.0746922,0.0697949,0.0582682,0.0606936,0.0593813,0.0585217,0.0463479,0.0447965,0.0402202,0.0410474,0.0397917];
time = 19s
thresh = 0.5
