xte_pos = [0.100451,0.0843888,0.0692866,0.0676245,0.0625106,0.0642761,0.0555481,0.0504338,0.0428264,0.0362163,0.0283728,0.0186526,0.0157903,0.0158023,0.0110309,0.00557356,0.0115452,0.0202144,0.0272883,0.0371074,0.042818,0.0520427,0.0458366,0.0526143,0.0504753,0.0553436,0.0535794,0.0617278,0.0550533,0.0622537,0.0512651,0.0581553,0.0563074,0.0541836,0.048338,0.041643,0.0383265,0.03365,0.0326374,0.0285024,0.0316972,0.0257047,0.0267938,0.0288987,0.0268972,0.0301741,0.0379782,0.0440396,0.0467267,0.0475511,0.0505187,0.0534004,0.0541531,0.0558592,0.0576714,0.0603526,0.0686522,0.0656506,0.0646576,0.0611483,0.0609927,0.0570162,0.0678132,0.0600812,0.0660361,0.0675943,0.0757774,0.0759288,0.0847047,0.0933139,0.098572,0.093214,0.106036,0.110047,0.107155,0.106972,0.0974069,0.0957946,0.0888634,0.0834128,0.0790254,0.0690795,0.0627311,0.0616762,0.0549771,0.0554253,0.0510869,0.0577623];
time = 21.4s
thresh = 0.4
