xte_pos = [0.0421521,0.0553011,0.0624698,0.0748103,0.0804724,0.0852068,0.0877492,0.0926253,0.0919895,0.0964744,0.0949554,0.0949275,0.0980314,0.096061,0.0980794,0.097599,0.0947107,0.0888286,0.0893557,0.0876674,0.0831246,0.085905,0.0867265,0.0833682,0.0782281,0.0795399,0.0804284,0.0853153,0.0901345,0.0884624,0.0880613,0.0856944,0.0888059,0.0870129,0.0890943,0.0940823,0.0932182,0.0904307,0.0849428,0.0864693,0.0852183,0.0889281,0.0869925,0.087183,0.0854223,0.0887951,0.0879384,0.0926925,0.0995645,0.0985335,0.10427,0.10183,0.0964891,0.0892671,0.0914337,0.0916566,0.0940429,0.093154,0.0943057,0.0989576,0.0975529,0.101358,0.100609,0.100079,0.0963543,0.0999607,0.0980964,0.0992064,0.0943825,0.0916573,0.0850567,0.0863674,0.085,0.0841345,0.081391,0.081768,0.0801694,0.0813933,0.0782716,0.0780048,0.075009,0.0750532,0.0725566,0.0755277,0.0734638,0.0716311,0.0678259,0.0607862,0.0562369,0.0561747,0.0577016,0.0571017,0.0562369,0.0571004,0.0533247,0.051199,0.0482589,0.0474704,0.0450421,0.0364359,0.0293924,0.024227,0.0189747,0.0166276,0.01674,0.019217,0.0219317,0.0256472,0.0317119,0.0349265,0.0370981,0.0415537,0.0396702,0.0399035,0.0386674,0.0344384,0.03759,0.0360278,0.0347154,0.0291322,0.0366711,0.0320549,0.0304036,0.0320423,0.0367195,0.0341072,0.0396929,0.038913,0.0387161,0.0386479,0.0432457,0.0373895,0.0317229,0.027577,0.0260832,0.0244787,0.0239026,0.0279571,0.0319083,0.0356645,0.0320932,0.0407042,0.0483406,0.0561593,0.0559321,0.0559002,0.055886,0.0559166,0.0594889,0.0637473,0.0715151,0.0759768,0.0790193,0.0735053,0.0813738,0.0759361,0.0797736,0.0866185,0.0804233,0.0839185,0.0776572,0.077299,0.0744776,0.0719287,0.0693583,0.0600893,0.0589245,0.0543366,0.0497516,0.053532,0.0458305,0.0540919,0.0500252,0.0534092,0.0554964,0.0472249,0.0439342,0.0506732,0.0481834,0.0497634];
time = 40.4s
thresh = 0.2
