dist_err_pos = {[2.96119,2.96119,2.91722,2.73323,2.50432,2.27348,2.0444,1.8216,1.60139,1.38345,1.16478,0.947961,0.742685,0.576474,0.454621,0.361304,0.298899],[0.276711],[0.326311,0.307194,0.287664],[0.362822,0.326969,0.291019],[0.365299,0.331497,0.286988],[0.348141,0.313778,0.268257],[0.327173,0.283514],[0.355636,0.311846,0.272285],[0.337519,0.292871],[0.369441,0.324408,0.279378],[0.354783,0.311489,0.262833],[0.329007,0.279032],[0.342951,0.292669],[0.35446,0.304466,0.263115],[0.323028,0.269289],[0.339333,0.280313],[0.351567,0.291861],[0.349083,0.288718],[0.351709,0.299064],[0.350534,0.287638],[0.354473,0.298637],[0.353986,0.29162],[0.352992,0.286646],[0.353508,0.288604],[0.361986,0.290247],[0.3566,0.300115,0.233723],[0.296555],[0.360163,0.308779,0.259479],[0.326226,0.287259],[0.359333,0.314908,0.266602],[0.345421,0.284749],[0.36617,0.322093,0.27344],[0.35184,0.298513],[0.384516,0.329963,0.280442],[0.34744,0.295805],[0.365247,0.317151,0.262615],[0.335522,0.289818],[0.372423,0.32767,0.276168],[0.359276,0.316268,0.272221],[0.348805,0.305036,0.254773],[0.340522,0.299164],[0.381807,0.336027,0.286421],[0.364911,0.317679,0.264486],[0.345368,0.299331],[0.381503,0.328071,0.276925],[0.356276,0.310866,0.266094],[0.338161,0.297424],[0.382705,0.334495,0.297236],[0.365884,0.320965,0.290293],[0.372902]};
time = 26.8s
size =  50
thresh = 0.3
