xte_carrot = [0.0652466,0.0651753,0.0493423,0.0363751,0.0247273,0.0132892,0.00816848,0.0198784,0.0287576,0.0380272,0.0431151,0.0370244,0.0410349,0.0391756,0.0387602,0.0295025,0.0360025,0.0252672,0.0227831,0.0255706,0.0199579,0.0222211,0.0187443,0.0238353,0.0216837,0.020623,0.0148543,0.00925094,0.00355451,0.00877652,0.0182618,0.023442,0.0329336,0.0343305,0.035256,0.0296135,0.032484,0.0276548,0.0330732,0.0364748,0.0443063,0.0408618,0.0410515,0.0427851,0.045454,0.0407565,0.0361355,0.0389587,0.0401445,0.0445257,0.0384358,0.0308065,0.0264272,0.0228763,0.0257466,0.0270529,0.0289628,0.0308363,0.0319658,0.0307629,0.0243937,0.00996109,0.0100057,0.0159443,0.0251157,0.0272602,0.0318495,0.0405772,0.0476572,0.0491791,0.060104,0.0678523,0.0686815,0.0754213,0.0819554,0.0813328,0.0848017,0.0818454,0.086249,0.0852167,0.083757,0.0756689,0.0664725,0.0647048,0.057672,0.0502812,0.0427393,0.0307449,0.025774,0.0230931,0.0221316,0.0245853,0.0253299,0.0293662,0.0325469,0.0386873,0.0440087,0.0514262,0.0511078,0.0430395,0.0341027,0.0309101,0.026826,0.0244122,0.0240882,0.0277431,0.0261344,0.0309646,0.0304611,0.0290327,0.0253241,0.0281299,0.0316564,0.0317827,0.037238,0.0366812,0.0420146,0.041823,0.036287,0.0418355,0.0375649,0.0324384,0.0301857,0.0244344,0.0266092,0.0280011,0.0261587,0.0235423,0.0220046,0.0278218,0.0327219,0.029088,0.0350664,0.0400254,0.0477175,0.056196,0.0686041,0.0724382,0.0680242,0.0719285,0.0744542,0.0788933,0.0782181,0.0826843,0.0790658,0.0900743,0.0938834,0.102733,0.10262];
time = 45.8s
set_speed = 0.2
