xte_carrot = [0.0410764,0.0605781,0.130249,0.164409,0.175019,0.170351,0.181847,0.195235,0.201586,0.20218,0.200358,0.188537,0.200473,0.192125,0.190322,0.183223,0.17007,0.141618,0.119231,0.0824499,0.0546586,0.00517671,0.0505677,0.113164,0.159181,0.198854,0.213757,0.219681,0.221897,0.202007,0.178974,0.145726,0.104464,0.0602756,0.039523,0.038303,0.056369,0.0458812,0.0257003,0.025577,0.0649519,0.130884,0.168844,0.181458,0.185733,0.158092,0.128158,0.0860514,0.0468948,0.0346143,0.0736944,0.118705,0.128959,0.12069,0.0990109,0.0563418,0.0374944,0.0812291,0.138575,0.177584,0.189079,0.169563,0.123975,0.0717438,0.0326591,0.0508706,0.106616,0.148432,0.188109,0.188897,0.181044,0.176482,0.14994,0.151108,0.15032,0.1586,0.178358,0.199145];
time = 22.4s
set_speed = 0.5
