dist_err_carrot = {[3.14602,3.14602,3.13002,3.07302,3.00402,2.93302,2.86202,2.78603,2.71403,2.64403,2.57705,2.51112,2.44713,2.38331,2.31831,2.24932,2.18161,2.10663,2.03776,1.96879,1.90082,1.82673,1.75776,1.68412,1.61417,1.54422,1.47716,1.40422,1.32821,1.26127,1.1913,1.11939,1.05253,0.982195,0.914474,0.84835,0.784826,0.717049,0.652868,0.592501,0.534954,0.474674,0.414947,0.35608,0.298903,0.244637,0.195386,0.158983,0.131487,0.130538,0.135728,0.112374,0.0881889,0.080181,0.0933974,0.0472801,0.071028,0.12333,0.0890855,0.124139,0.104887,0.136916,0.170735,0.152535,0.164588,0.159763,0.164128,0.180487,0.14006,0.159192,0.110634,0.126393,0.0776405,0.0378739,0.0782516,0.0455314,0.10937,0.0901215,0.0589005,0.0340031,0.084613,0.0572575,0.026228,0.0734132,0.0322499,0.0797287,0.0288119,0.0789711,0.0348938,0.0737835,0.0380483,0.0618551,0.105045,0.0518853,0.0814611,0.0521501,0.0512411,0.0662338,0.108654,0.0296835,0.0544161,0.0933829,0.0239146,0.0752704,0.0123706,0.0482698,0.104541,0.0385546,0.0757927,0.122662,0.0785994,0.0962539,0.117443,0.0647504,0.0635561,0.0879673,0.0320497,0.0243342,0.0574213,0.0219916,0.0363076,0.0846465,0.0382939,0.0735698,0.0306088,0.0667263,0.0209368,0.0731441,0.0460299,0.0806563,0.0553411,0.080223,0.0459641,0.0718284,0.0301675,0.0615604,0.0177133,0.0603214,0.0335448,0.0707401,0.0512966,0.0806624,0.0607971,0.0877805,0.0616599,0.096527,0.0630177,0.107046,0.0638938,0.115357,0.0752982,0.132529,0.0947535,0.154249,0.124558,0.172376,0.154262]};
time = 31.2s
size =  50
set_speed = 0.3
