dist_err_carrot = {[3.1157,3.1157,3.09759,3.01937,2.92738,2.8324,2.73841,2.64342,2.55155,2.45657,2.36359,2.27077,2.1808,2.08988,2.00192,1.91519,1.82943,1.74282,1.6573,1.56782,1.47999,1.3957,1.31255,1.22756,1.14098,1.05639,0.973029,0.892758,0.811846,0.731064,0.646155,0.562994,0.484398,0.409802,0.334494,0.257646,0.181095,0.10618,0.045639,0.0619593,0.0759145,0.0778512,0.0874446,0.119655,0.1081,0.137898,0.169484,0.191309,0.161382,0.169329,0.173645,0.147085,0.140053,0.164704,0.116062,0.159752,0.112675,0.0984059,0.132797,0.113525,0.0985371,0.156,0.137472,0.126061,0.104536,0.0886202,0.0773521,0.0767388,0.0847307,0.105787,0.176293,0.178099,0.180091,0.166694,0.169245,0.187991,0.150925,0.131505,0.130207,0.0633452,0.0449661,0.0760514,0.0329306,0.0721807,0.12196,0.0722363,0.118392,0.0405216,0.0951165,0.153318,0.129115,0.154054,0.156293,0.110545,0.0855886,0.0748434,0.0852782,0.0191829,0.0710687,0.132169,0.1005,0.0664916,0.0786933,0.0200019,0.093267,0.0892802,0.147731,0.133616,0.150793,0.11819,0.114381,0.0618884,0.0578881,0.023284,0.0781629,0.0907611,0.130584,0.126654,0.14308,0.107192,0.121621,0.0736918,0.0430124,0.119746,0.115838,0.112196,0.0862049,0.0520063,0.117751,0.103435,0.162375,0.163638,0.193371,0.180349,0.182262,0.201665,0.169739]};
time = 27.2s
size =  50
set_speed = 0.4
