dist_err_carrot = {[3.15108,3.15108,3.14108,3.10208,3.05708,3.01308,2.96809,2.92409,2.87709,2.82909,2.78309,2.74109,2.70103,2.66005,2.61602,2.57102,2.52803,2.48503,2.4401,2.39624,2.35345,2.30775,2.26014,2.21617,2.17566,2.13183,2.08632,2.04453,2.00331,1.96661,1.93255,1.89662,1.85984,1.82321,1.78574,1.74745,1.70934,1.67242,1.63537,1.60074,1.56733,1.53257,1.49693,1.46305,1.42669,1.3885,1.34941,1.31243,1.27465,1.23385,1.19502,1.15465,1.11449,1.07553,1.03483,0.990751,0.949665,0.911496,0.870627,0.831815,0.786282,0.742097,0.699131,0.654143,0.607438,0.563781,0.519511,0.476475,0.435638,0.393173,0.352908,0.312276,0.26911,0.223314,0.17151,0.121632,0.0754245,0.0312431,0.0120228,0.0396962,0.0729083,0.102515,0.0697223,0.056357,0.0586544,0.0820441,0.0311505,0.00816848,0.0266,0.0519106,0.0785739,0.0481432,0.0370244,0.0480437,0.0752683,0.0439655,0.0309383,0.0598362,0.0955283,0.0268426,0.0642735,0.0220871,0.0404622,0.0859956,0.0296192,0.0650709,0.0210457,0.0562074,0.0121751,0.0525517,0.0096087,0.0644617,0.028045,0.0756584,0.0409492,0.0759379,0.0323762,0.0664523,0.0277843,0.0577833,0.0388958,0.0525935,0.0826534,0.0425213,0.0646382,0.0971136,0.0433976,0.0649087,0.0446538,0.0404128,0.0576765,0.0763052,0.0323758,0.0352589,0.0509116,0.0794539,0.0274223,0.0363284,0.0619753,0.0913633,0.0326146,0.0491608,0.0765233,0.0154832,0.0345314,0.0719615,0.0294618,0.0394157,0.0746019,0.112568,0.0498389,0.0798428,0.109477,0.0686815,0.0789986,0.0999878,0.124194,0.0848017,0.0838858,0.0972733,0.114636,0.0851301,0.0756689,0.0667846,0.075189,0.0819429,0.0929077,0.043796,0.0314032,0.0333593,0.0491203,0.0691644,0.0349171,0.025465,0.0396408,0.0654614,0.0449342,0.0447575,0.0635935,0.086205,0.0444263,0.0381262,0.0580695,0.0790617,0.0247258,0.0377345,0.0666509,0.0261344,0.0388756,0.0628663,0.0301554,0.0391482,0.0625565,0.0317876,0.0431449,0.0780698,0.0379104,0.0646705,0.0429608,0.0452825,0.0786732,0.0393903,0.0588662,0.0306731,0.0339701,0.0719743,0.0325902,0.065798,0.0251237,0.050878,0.0988526,0.0493755,0.0816318,0.0367953,0.064159,0.101109,0.0570997,0.0875869,0.117168,0.0680649,0.0868857,0.115287,0.0788933,0.0844097,0.111767,0.0790658,0.0936606,0.122958,0.102744,0.103088]};
time = 45.8s
size =  50
set_speed = 0.2
