xte_carrot = [0.0832141,0.1081,0.137898,0.163214,0.165848,0.161382,0.167212,0.156064,0.147085,0.132739,0.120423,0.109458,0.104237,0.0928831,0.0972459,0.0903156,0.0941704,0.0863841,0.090776,0.0869552,0.0792628,0.063646,0.0408387,0.0179117,0.0272557,0.0592761,0.0981294,0.126095,0.149585,0.171458,0.166694,0.163225,0.16071,0.150925,0.125553,0.100436,0.0633452,0.033957,0.0052177,0.0319003,0.0452358,0.0538458,0.0389582,0.0229831,0.0268821,0.0706567,0.108671,0.129115,0.148883,0.133201,0.110545,0.0851974,0.0537177,0.0205707,0.0139594,0.0386745,0.0772263,0.0770991,0.0627473,0.0285334,0.0154428,0.0613195,0.0890677,0.129746,0.133274,0.132473,0.116737,0.0951874,0.0610466,0.0243028,0.0207388,0.0608287,0.0903257,0.113733,0.12407,0.121379,0.101329,0.076715,0.0373455,0.0104236,0.0255449,0.053623,0.0494351,0.0380645,0.00963849,0.0449792,0.0964206,0.129762,0.163633,0.182935,0.180349,0.181255,0.177522,0.169739];
time = 27.2s
set_speed = 0.4
