xte_carrot = [0.115824,0.110706,0.0881889,0.0744641,0.0511971,0.0472767,0.0496091,0.0694511,0.0870927,0.100657,0.104887,0.130862,0.137416,0.151655,0.148826,0.159763,0.156286,0.142505,0.133443,0.1253,0.105024,0.0805423,0.0564574,0.0340746,0.0167071,0.0168496,0.0159301,0.0162218,0.0190992,0.0206263,0.0160435,0.0231279,0.0234697,0.0282494,0.0272202,0.0280825,0.0236032,0.0295549,0.0308611,0.0399632,0.0380483,0.0470295,0.0465196,0.0504195,0.0520457,0.0504813,0.050598,0.0456603,0.0396483,0.0296835,0.027979,0.0219272,0.0142546,0.00843763,0.00936447,0.0148675,0.0293121,0.0374537,0.0550327,0.0629166,0.0779079,0.0836899,0.0721423,0.0647504,0.0559048,0.0466453,0.0293496,0.0156912,0.00844418,0.0166714,0.0227568,0.0336149,0.0344187,0.0238472,0.021924,0.0111452,0.0175056,0.0293119,0.0418437,0.0513302,0.0523629,0.0499253,0.0395219,0.0343998,0.0227314,0.0162635,0.0158821,0.0255018,0.0335435,0.0480982,0.0510953,0.0530457,0.0589573,0.0586853,0.0595784,0.0630157,0.0590608,0.056653,0.0548901,0.0567059,0.0627405,0.0749032,0.0840834,0.0995204,0.120259,0.141602,0.154262];
time = 31.2s
set_speed = 0.3
