dist_err_carrot = {[2.27749,2.27749,2.14727,2.03617,1.95067,1.84439,1.75041,1.65407,1.56408,1.46601,1.36706,1.26626,1.18055,1.07701,0.992783,0.893752,0.787382,0.700276,0.59362,0.515043,0.422248,0.326007,0.244207,0.161979,0.112044,0.135428,0.0879057,0.0503135,0.138874,0.153085,0.227198,0.183548,0.148652,0.125926,0.00703628,0.0826855,0.156914,0.131562,0.101119,0.156145,0.114644,0.0690021,0.0907128,0.0403514,0.102726,0.0778632,0.140485,0.095463,0.154076,0.104621,0.0625022,0.148991,0.132311,0.180629,0.122443,0.131348,0.061446,0.0937852,0.050449,0.127555,0.124132,0.205186,0.164863,0.111842,0.100165,0.0333129,0.0580633,0.125892,0.119996,0.156559,0.135777,0.157189,0.102866,0.136049,0.0757536,0.1718,0.164862,0.164838,0.209044,0.159388,0.141396,0.0669327,0.0518775,0.12143,0.109004,0.19007,0.191321,0.179695,0.181172,0.139167,0.129651,0.0657934,0.118718,0.10117,0.190059,0.169388,0.150846,0.123635,0.120421,0.145522,0.0470704,0.105691,0.0895236,0.1814,0.165707,0.234279,0.180922,0.126298,0.109393,0.151932,0.103514,0.109915,0.189674,0.18418,0.16855,0.169657,0.116143,0.0879717,0.115576,0.0651197]};
time = 23.8s
size =  50
set_speed = 0.5
