xte_vel = [,,,,,,,,,,,,,,,,,,,,,,,,,,,,,,,,0.0144717,0.0420749,0.070534,0.0896781,0.0845438,0.0614924,0.0305389,0.0416701,0.0745853,0.0890011,0.0969565,0.0953176,0.0757164,0.0499546,0.0201679,0.0361119,0.0579846,0.078588,0.0799494,0.0778121,0.0747853,0.0589755,0.0513596,0.0617795,0.0905166,0.11381,0.13396,0.13553,0.122282,0.0880756,0.0511736,0.0341061,0.0707322,0.104767,0.127518,0.147912,0.147142,0.121279,0.0981737,0.048278,0.00751868,0.0441981,0.0882203,0.113738,0.126243,0.128077,0.109709,0.0858643,0.0634366,0.0472754,0.057225,0.0861219,0.122439,0.128543,0.129177,0.108564,0.0805927,0.0484056,0.0412437,0.0719823,0.116426,0.147638,0.166526,0.160133,0.148106,0.114734,0.0971937,0.0798696,0.083519,0.104508,0.126776,0.152625,0.145824,0.127719,0.101545,0.0635774,0.0375313,0.0585241,,,,,,,,,,,,,,,,,,,,,,,,,,,,,,,,,,,,,,,,,,,,,,,,,,,,,,,,,,,,,,,,,,,,,,0.114307,0.0765713,0.0621697,0.0827458,0.10286,0.115331,0.101679,0.0763952,0.0390839,0.00708869,0.0340775,0.0680138,0.0880579,0.0966293,0.0903304,0.0732557,0.0515472,0.0292925,0.0319394,0.0511663,0.0840089,0.105944,0.101188,0.0882701,0.0690123,0.0264534,0.0130928,0.0458959,0.0800339,0.107385,0.123761,0.114418,0.10139,0.0760304,0.0389555,0.00800833,0.0429949,0.0767647,0.0958328,0.100671,0.0922638,0.0813303,0.0639894,0.0458486,0.0441073,0.0636972,0.0891412,0.116481,0.129947,0.126358,0.11099,0.0768727,0.0469608,0.0180863,0.0258866,0.0638468,0.0918483,0.108103,0.103858,0.084899,0.0524078,0.0290283,0.0480749,0.0730171,0.0998495,0.111837,0.108156,0.0966359,0.0716778,0.0347547,0.0180174,0.0613351,0.0874176,0.113395,0.115203,0.116726,,,,,,,,,,,,,,,,,,,,,,,,,,,,,,,,,,,,,,,,,,,,,,,,,,,,,,,,,,,,,,,,,,,,,,,,,,,0.142793,0.111259,0.0882293,0.0913453,0.115881,0.13165,0.119535,0.098043,0.0536631,0.0131904,0.0457615,0.0907823,0.12577,0.14881,0.143883,0.134547,0.0970957,0.0668496,0.0337989,0.0421424,0.0852593,0.116793,0.131791,0.132235,0.111571,0.0654116,0.0216328,0.0366807,0.0845725,0.122574,0.141734,0.14277,0.134243,0.110325,0.0748656,0.0371954,0.0427384,0.0706403,0.0905597,0.106115,0.113073,0.106536,0.10089,0.0870709,0.0640451,0.0526724,0.0573211,0.0772275,0.100497,0.111075,0.117593,0.110497,0.0840176,0.0512112,0.0169762,0.0203951,0.04882,0.0691985,0.0763889,0.0784887,0.068011,0.050554,0.0381829,0.0457964,0.0587103,0.0773451,0.0844688,0.0871174,0.0794196,0.0670882,0.04909,0.0255935,0.0127888,0.0356049,0.0524619,0.0600773,0.0594893,0.0574615];
time = 85.8s
thresh = 0.2
set_speed = 0.5
,,,,,,,,,,