dist_err_carrot = {[,,,,,,,,,,,,,,,,,,,,,,,,,,,,,,,,,,,,,,,,,,,,,,,,,,,,,,,,,,,,,,,,,,,,,,,,,,,,0.16032,0.121036,0.0693184,0.162522,0.115599,0.0947078,0.165222,0.0896585,0.061364,0.130805,0.127209,0.195596,0.157109,0.108008,0.0514198,0.138638,0.116269,0.10118,0.141104,0.0896505,0.156141,0.114034,0.0732673,0.158503,0.151347,0.138872,0.129067,0.165469,0.106091,0.132739,0.0511589,0.137266,0.107734,0.1234,0.200853,0.17367,0.12602,0.139546,0.0647679,0.144066,0.126025,0.154358,0.216591,0.203736,0.175781,0.166541,0.10728,0.107036,0.0291711,0.116279,0.112308,0.206115,0.170904,0.132848,0.148051,0.0783751,0.12566,0.0796744,0.17167,0.171763,0.16451,0.177166,0.123146,0.116448,0.0375284,0.0730941,0.152755,0.130968,0.122765,0.165329,0.127202,0.149739,0.0770474,0.129365,0.0788216,0.181525,0.168589,0.154424,,,,,,,,,,,,,,,,,,,,,,,,,,,,,,,,,,,,,,,,,,,,,,,,,,,,,,,,,,,,,,,,,,,,,,,,,,,,,,,,,,,,0.0823023,0.0627178,0.121613,0.0769853,0.171788,0.139612,0.104813,0.0714821,0.166319,0.128605,0.0705862,0.134774,0.0843294,0.0593968,0.147746,0.111942,0.102501,0.0852842,0.183986,0.148338,0.0850154,0.140303,0.0711572,0.161302,0.133511,0.110086,0.0977937,0.153501,0.117641,0.0672346,0.133291,0.0842929,0.0759912,0.161887,0.137966,0.118681,0.165126,0.109648,0.0424672,0.139561,0.133808,0.15071,0.207444,0.181593,0.1338,0.135013,0.056284,0.113932,0.0803185,0.191079,0.174677,0.15191,0.120794,0.131962,0.0568716,0.131994,0.111933,0.129175,0.208858,0.180648,0.15665,0.175441,0.102639,0.0212545,0.0901981,0.105079,0.191756,0.180321,0.166086,0.181022,0.123465,0.141996,0.0693913,0.133768,0.105536,,,,,,,,,,,,,,,,,,,,,,,,,,,,,,,,,,,,,,,,,,,,,,,,,,,,,,,,,,,,,,,,,,,,,,,,,,,,,,,,,,,0.118702,0.0774297,0.154313,0.110117,0.0841051,0.148139,0.0698989,0.0883883,0.051583,0.113684,0.102288,0.155104,0.0950718,0.0452395,0.131722,0.0878829,0.145671,0.0577738,0.110929,0.0859334,0.152356,0.12837,0.0724869,0.140938,0.100649,0.0741876,0.116012,0.053432,0.081666,0.0292202,0.0999132,0.0920968,0.166419,0.128346,0.0798497,0.139093,0.0886928,0.0516157,0.123214,0.0839331,0.13918,0.0956744,0.153342,0.10709,0.17128,0.135438,0.103556,0.106022,0.157113,0.118587,0.11276,0.135263,0.0648859,0.126746,0.10408,0.192349,0.165743,0.134825,0.166256,0.0894132,0.101452,0.0250683,0.101602,0.193623,0.184022,0.149027,0.167384,0.097428,0.112056,0.0411761,0.132615,0.137498,0.210619,0.175832,0.193335,0.125278,0.131963,0.0535957,0.124163,0.120454,0.206684,0.196655,0.175242,0.166919,0.17579,0.082044]};
time = 96.2s
size =  50
set_speed = 0.5
,,,,,,,,,,,,,,,,,,,,,,,,,,,,,,,,,,,,,,,,,,,,,,,,,,,,,,