xte_vel = [,,,,,,,,,,,,,,,,,,,,,,,,,,,,,,,,,,0.415802,0.425098,0.437659,0.450794,0.450304,0.429203,0.422449,0.381163,0.342903,0.287206,0.224895,0.160337,0.113225,0.099677,0.11027,0.13632,0.153712,0.1582,0.164059,0.163168,0.150547,0.1393,0.12957,0.109005,0.0948538,0.0857248,0.0759727,0.0709945,0.0694023,0.0729681,0.0745845,0.0770009,0.0800236,0.0775571,0.0682336,0.0651234,0.0558701,0.0434704,0.0275226,0.0221811,0.018098,0.00836906,0.00663006,0.00745149,0.0119922,0.020795,0.0252011,0.0295918,0.0341153,0.0363225,0.0340431,0.0446786,0.0491757,0.047733,0.0415577,0.0374256,0.0345111,0.0261043,0.0165045,0.011687,0.00405969,0.008255,0.00866649,0.0173745,0.0263631,0.0291972,,,,,,,,,,,,,,,,,,,,,,,,,,,,,,,,,,,,,,,,,,,,,,,,,,,,,,,,,,,,,,,,,,,,,,,,,,0.136778,0.105034,0.0717034,0.0505379,0.169585,0.208853,0.22563,0.231547,0.222341,0.2053,0.186085,0.184302,0.186731,0.200239,0.215078,0.222244,0.224473,0.22457,0.221133,0.201895,0.186471,0.150371,0.122416,0.0876039,0.0479536,0.0229197,0.0272691,0.0550056,0.0776037,0.0975907,0.125948,0.133763,0.142393,0.151156,0.160413,0.169912,0.166538,0.157924,0.149139,0.139352,0.128827,0.116082,0.113549,0.107838,0.103016,0.0984711,0.0926623,0.0861402,0.0819616,0.0779207,0.0708077,0.0592285,0.0540967,0.0512307,0.0477597,0.0533568,0.050426,0.0453829,0.0499853,0.0463224,0.0473091,0.0563117,0.0571992,0.0646077,0.066737,0.0660774,0.0650284,0.0641423,0.0634256,0.0592456,0.0560204,0.0561455,0.061135,0.0593252,,,,,,,,,,,,,,,,,,,,,,,,,,,,,,,,,,,,,,,,,,,,,,,,,,,,,,,,,,,,,,,,,,,,,,,,0.0459331,0.0457928,0.0494511,0.199112,0.235344,0.248678,0.267673,0.290317,0.298548,0.307053,0.309534,0.305292,0.300409,0.283864,0.269042,0.250751,0.224952,0.200164,0.171249,0.129538,0.101322,0.065135,0.0374567,0.0148495,0.0163932,0.0316669,0.0533636,0.0687649,0.0776547,0.0924821,0.100953,0.102671,0.105619,0.103378,0.0963484,0.096483,0.0875168,0.0773692,0.0737092,0.0679784,0.0664101,0.0647693,0.0721256,0.0746036,0.0728178,0.0694562,0.0603692,0.0528964,0.042237,0.0355303,0.0305813,0.0302324,0.0285478,0.0271536,0.0260968,0.0242954,0.0171478,0.0123232,0.0118565,0.0183091,0.0248618,0.0286498,0.0313713,0.0312286,0.0331108,0.0261115,0.0270022,0.0245288,0.0215751,0.0197005,0.0180339,0.0180291,0.0173513];
time = 81.4s
thresh = 0.5
set_speed = 0.5
,,,,,,,,,,,,