xte_vel = [,,,,,,,,,,,,,,,,,,,,,,,,,,,,,,0.160972,0.0910586,0.0283232,0.0596562,0.0795958,0.093218,0.0918439,0.0833042,0.0837543,0.0733372,0.0699911,0.0653585,0.0586286,0.0503335,0.0413016,0.0371165,0.0275645,0.0150195,0.0113137,0.00823649,0.00638896,0.0081104,0.0131593,0.00850012,0.017166,0.021786,0.0264143,0.0224726,0.0139078,0.013014,0.01529,0.0180606,0.0209792,0.0244645,0.0267235,0.0205098,0.0205837,0.0137111,0.00858113,0.0132241,0.0189537,0.0242226,0.0283783,0.0259005,0.0288156,0.0364561,0.0408557,0.0366206,0.0407579,0.0478602,0.0575838,0.0551661,0.055083,0.0532125,0.0494107,0.0361554,0.030171,0.0296012,0.0302793,0.0297062,0.0295376,0.0312783,0.0374517,0.0385758,,,,,,,,,,,,,,,,,,,,,,,,,,,,,,,,,,,,,,,,,,,,,,,,,,,,,,,,,,,,,,,,,,,,,,,,0.0405063,0.03081,0.0296896,0.19349,0.2081,0.20442,0.187466,0.165894,0.133482,0.0967549,0.0700123,0.0402731,0.0298701,0.0312279,0.0362333,0.0414835,0.0579757,0.0646852,0.0627825,0.0653712,0.0594206,0.0519114,0.0428613,0.0387701,0.0366257,0.0339968,0.0308244,0.0270656,0.0234533,0.0229215,0.0246958,0.0239467,0.0340811,0.0355493,0.0379495,0.0345457,0.0354719,0.0327444,0.0346518,0.0344468,0.0338861,0.0342514,0.0307138,0.0277728,0.0321787,0.0274031,0.0296505,0.0310545,0.0309891,0.0300983,0.0283836,0.0228262,0.018753,0.0235001,0.0216198,0.017864,0.0188083,0.0288658,0.0396613,0.044822,0.0556144,0.0563083,0.053909,0.0503541,0.045706,0.0396737,0.0292623,0.0245732,0.0247589,0.0293082,0.0271639,,,,,,,,,,,,,,,,,,,,,,,,,,,,,,,,,,,,,,,,,,,,,,,,,,,,,,,,,,,,,,,,,,,,,,0.0702726,0.0512081,0.269618,0.256322,0.233241,0.200344,0.159629,0.123555,0.0881872,0.0626871,0.0610462,0.0613572,0.0593798,0.0575792,0.0542037,0.0439983,0.0339067,0.0175074,0.00619615,0.0177701,0.0275935,0.0426896,0.0449634,0.060012,0.0619289,0.0637839,0.0602367,0.0568283,0.0588345,0.0609944,0.0634116,0.0658639,0.0627076,0.0656507,0.0676886,0.0746278,0.081373,0.0830811,0.0793039,0.0756906,0.0720932,0.0624897,0.0721143,0.0698975,0.0700806,0.0645237,0.0586953,0.0476106,0.0419445,0.030423,0.0251451,0.0200718,0.0123238,0.0146811,0.0164649,0.0183034,0.019664,0.0263053,0.0341185,0.0349804,0.0421161,0.0436871,0.0404077,0.0376179,0.026013,0.0228549,0.0110793,0.0132606,0.0148873,0.0136332,0.0163832,0.012346,0.0126539];
time = 78s
thresh = 0.4
set_speed = 0.5
,,,,,,,,,,,