dist_err_vel = {[,,,,,,,,,,,,,,,,,,,,,,,,,,],[0.302187],[0.30131],[0.418484],[0.566718,0.534703,0.478157],[0.533316,0.462944],[0.507713,0.429456],[0.486417],[0.537193,0.444131],[0.495706],[0.542021,0.433945],[0.473443],[0.499666],[0.539267,0.435838],[0.471849],[0.505159,0.399058],[0.441139],[0.477217],[0.510465,0.417565],[0.45688],[0.489372],[0.534154,0.434634],[0.474584],[0.515076,0.422305],[0.460296],[0.504744,0.410757],[0.44512],[0.490607],[0.526994,0.431602],[0.463969],[0.501548,0.398863],[0.431114],[0.471046],[0.503987,0.406869],[0.446812],[0.489656],[0.531276,0.430012],[0.472774],[0.509855,0.408264],[0.447593],[0.48924],[0.52301,0.424177],[0.470338],[0.516562,0.416494],[0.462072],[0.501148,0.404021],[0.443834],[0.480371],[0.521892,0.416884],[0.454499,,,,,,,,,,,,,,,,,,,,,,,,,,,,,,,,,,,,,,,,,,,,,,,,,,,,,,,,,,,,,,,,,],[0.183701],[0.132498],[0.328879],[0.518963,0.540303,0.539894,0.519738,0.484384],[0.55399,0.490893],[0.552588,0.482164],[0.541728,0.465256],[0.517887,0.431347],[0.469537],[0.510019,0.413432],[0.449254],[0.477579],[0.502586,0.392298],[0.433554],[0.459243],[0.493639],[0.521825,0.417757],[0.443377],[0.483755],[0.512114,0.413338],[0.451494],[0.489204],[0.53349,0.43685],[0.476045],[0.506859,0.405113],[0.445641],[0.482528],[0.522265,0.416555],[0.456634],[0.484933],[0.526359,0.421281],[0.454329],[0.483504],[0.515221,0.398615],[0.431688],[0.456505],[0.483846],[0.502811,0.402608],[0.433238],[0.471631],[0.494978],[0.525688,0.410988],[0.44165],[0.470463],[0.512912,0.399561],[0.425459],[0.451914],[0.490803],[0.521549,,,,,,,,,,,,,,,,,,,,,,,,,,,,,,,,,,,,,,,,,,,,,,,,,,,,,,,,,,,,,,,,,,,],[0.241586],[0.0465391],[0.254103],[0.461632],[0.63974,0.662935,0.653371,0.639336,0.610536,0.565933,0.51119,0.46201],[0.512224,0.448889],[0.502571,0.437063],[0.478623],[0.528417,0.442668],[0.480968],[0.509949,0.40911],[0.449893],[0.484261],[0.524915,0.427454],[0.47823],[0.519746,0.420612],[0.466799],[0.512033,0.430836],[0.486382],[0.535628,0.443121],[0.490308],[0.543939,0.455362],[0.505598,0.406927],[0.452755],[0.497684],[0.548093,0.449447],[0.504625,0.407909],[0.454297],[0.499519],[0.548316,0.459943],[0.502228,0.399945],[0.439802],[0.485445],[0.515399,0.426874],[0.468158],[0.502167,0.399608],[0.434403],[0.477859],[0.51799,0.433374],[0.47422],[0.530834,0.436224],[0.482437],[0.529322,0.427125],[0.464959],[0.504454,0.396436],[0.435848],[0.474107],[0.513694,0.409634],[0.447474]};
time = 75.2s
size =  50
thresh = 0.5
set_speed = 0.5
],[,,,,,,,,,,,,,,,,,,,,,,,,,,,,,,,,,,,,,,,,,,,,,,,,,,,,,