xte_vel = [,,,,,,,,,,,,,,,,,,,,,,,,,,,0.198075,0.121031,0.0173012,0.027274,0.0435911,0.0630836,0.071929,0.0755398,0.072858,0.0631035,0.0545025,0.045975,0.0387497,0.0366101,0.0388188,0.0430861,0.0455362,0.0488908,0.0522638,0.0426307,0.0307929,0.0325583,0.0306549,0.0335172,0.0364788,0.0353161,0.0340463,0.0296684,0.0229921,0.0209549,0.0200482,0.0185344,0.0213596,0.0188961,0.0215478,0.0238422,0.0257195,0.022348,0.024148,0.0192817,0.0236443,0.0207494,0.0125006,0.014007,0.0181216,0.0280699,0.0324296,0.0316403,0.0282033,0.0327567,0.0373263,0.0290155,0.0267028,0.0243196,0.0159941,0.0142859,0.00866645,0.00863202,0.0121672,0.0154612,0.0119711,0.0168631,0.0164285,0.0141492,0.012243,0.00592757,,,,,,,,,,,,,,,,,,,,,,,,,,,,,,,,,,,,,,,,,,,,,,,,,,,,,,,,,,,,,,,,,,,,,,,,,,,0.00953905,0.0174004,0.222939,0.219636,0.206366,0.186449,0.157868,0.127769,0.101923,0.0755887,0.0523496,0.0350798,0.0247318,0.0200239,0.0159049,0.015628,0.01222,0.00696071,0.0123033,0.0151445,0.0283138,0.0305716,0.0296923,0.0354391,0.0321904,0.0275223,0.0246458,0.0235518,0.0292554,0.0291025,0.0292588,0.0358499,0.0369189,0.0385664,0.0401201,0.0416254,0.0383189,0.0406015,0.0379796,0.0261459,0.0230976,0.0201938,0.0179252,0.00839034,0.00986729,0.00876028,0.0185825,0.0206303,0.0250595,0.0418556,0.0461418,0.0565216,0.056338,0.0541163,0.0516293,0.0533721,0.0443943,0.0512616,0.0481865,0.0445978,0.0324113,0.0289866,0.0262102,0.0303134,0.0407864,0.0475392,0.0449305,0.0473964,0.0469984,0.0438552,0.0492759,0.0465124,,,,,,,,,,,,,,,,,,,,,,,,,,,,,,,,,,,,,,,,,,,,,,,,,,,,,,,,,,,,,,,,,,,,,,,,0.134542,0.0935154,0.203412,0.164338,0.121998,0.0869161,0.0678937,0.0678758,0.0734476,0.0837055,0.0913343,0.0961505,0.0956515,0.0850418,0.0738027,0.0591925,0.0387397,0.0162854,0.0107467,0.0269634,0.0382104,0.0494751,0.0475508,0.0538756,0.0524441,0.0512321,0.0413936,0.0373835,0.0330697,0.0214672,0.0212365,0.0227757,0.0308364,0.0365514,0.0408541,0.0383026,0.0351897,0.0307376,0.0274488,0.0291702,0.030294,0.0448236,0.0538509,0.0612242,0.0550705,0.0576636,0.0513053,0.0451283,0.0394449,0.0392673,0.0315685,0.0372023,0.031443,0.029681,0.0347104,0.0332652,0.0337873,0.0273924,0.0292899,0.0305249,0.0264113,0.0321652,0.0321289,0.0373548,0.0415312,0.0373472,0.0439733,0.0492718,0.0466658,0.0453923];
time = 78.8s
thresh = 0.4
set_speed = 0.5
,,,,,,,,,,,