xte_vel = [,,,,,,,,,,,,,,,,,,,,,,,,,,,,0.177717,0.0141665,0.0462319,0.0802734,0.112189,0.129447,0.134834,0.14072,0.134293,0.123805,0.11587,0.0956607,0.0679733,0.0455174,0.0201575,0.0309728,0.0510352,0.0674446,0.0841147,0.0825401,0.0727243,0.0578199,0.0380827,0.0171112,0.0220302,0.0453837,0.064887,0.0781734,0.0790773,0.067392,0.0505227,0.0339355,0.0173907,0.004836,0.0218757,0.0435827,0.0520222,0.0606113,0.0640828,0.0620671,0.052354,0.050379,0.0352647,0.0281204,0.0183254,0.0190551,0.0142416,0.0180169,0.0198935,0.0174868,0.0148214,0.0166084,0.0233221,0.0305967,0.0388519,0.042251,0.0381655,0.0413472,0.0446672,0.0479639,0.0519237,0.0559957,0.0467148,0.0346211,0.0257134,0.0176517,0.0132099,0.0104086,0.019338,,,,,,,,,,,,,,,,,,,,,,,,,,,,,,,,,,,,,,,,,,,,,,,,,,,,,,,,,,,,,,,,,,,,,,,,,,,,0.0964094,0.18014,0.149983,0.128425,0.117705,0.119409,0.134793,0.130176,0.131283,0.122289,0.10266,0.0795724,0.0571611,0.0253703,0.0171316,0.0246467,0.03591,0.041848,0.0424691,0.0419264,0.0377114,0.0353227,0.0286579,0.0251457,0.0271429,0.0300953,0.0363248,0.0320255,0.0359203,0.0312394,0.0294783,0.0329117,0.0471389,0.0538468,0.0524669,0.0554742,0.0537172,0.0443546,0.0414433,0.0338702,0.0277512,0.0301625,0.0326039,0.0391207,0.0475783,0.0466979,0.0473755,0.0442651,0.0466478,0.0468098,0.0448799,0.0354136,0.0315045,0.0289672,0.0242792,0.0232301,0.0254331,0.027561,0.0291441,0.0355904,0.0397867,0.0413492,0.0496605,0.0496562,0.0573267,0.0640215,0.0650861,0.0715352,0.086697,0.0788383,0.079467,0.0647925,0.0542118,0.0449028,0.0450881,0.0335688,0.0371864,,,,,,,,,,,,,,,,,,,,,,,,,,,,,,,,,,,,,,,,,,,,,,,,,,,,,,,,,,,,,,,,,,,,,,,,,0.0796984,0.185604,0.195373,0.197359,0.180537,0.153618,0.118305,0.097878,0.0804925,0.0765574,0.0788848,0.0776564,0.0711116,0.0620106,0.0531413,0.0494129,0.0537163,0.0547572,0.0556399,0.0567131,0.0565982,0.0468632,0.047492,0.042172,0.0354374,0.0391523,0.0361937,0.0445059,0.0429743,0.0424282,0.0474596,0.050025,0.045577,0.0444263,0.0437531,0.0505092,0.0396832,0.0396409,0.0316662,0.0311846,0.035899,0.0343683,0.0406556,0.0473031,0.0518251,0.0478467,0.0446245,0.0413946,0.0337835,0.0406318,0.0459393,0.0408102,0.0427147,0.0373689,0.0402844,0.0363195,0.0355786,0.0299838,0.0318367,0.0283394,0.0341732,0.0345097,0.0380606,0.0388533,0.0383766,0.0382334,0.0338736,0.0311324];
time = 81.6s
thresh = 0.3
set_speed = 0.5
,,,,,,,,,,