dist_err_carrot = {[2.46266,2.46266,2.33223,2.21528,2.13024,2.05034,1.97219,1.89832,1.82406,1.75155,1.67695,1.60764,1.53611,1.46731,1.39636,1.34743,1.28962,1.2468,1.20077,1.17203,1.13637,1.11473,1.08028,1.06016,1.0517,1.02024,0.994324,0.959793,0.927259,0.887796,0.867493,0.84992,0.809757,0.767601,0.716059,0.665055,0.60216,0.546485,0.486951,0.426002,0.361116,0.296792,0.22704,0.163067,0.0989599,0.0306087,0.0546926,0.118891,0.0820758,0.146792,0.0905927,0.0548122,0.11786,0.0850069,0.135148,0.0824694,0.108922,0.0403339,0.0926967,0.0415853,0.12021,0.0672218,0.156042,0.0997449,0.0433261,0.131896,0.0921595,0.066068,0.135858,0.106071,0.165099,0.11513,0.0843586,0.12165,0.0663517,0.123137,0.0583838,0.139023,0.0809625,0.0393667,0.105379,0.0483774,0.119722,0.0732013,0.148307,0.11033,0.0743786,0.15271,0.105796,0.0797358,0.117823,0.0676442,0.118389,0.0605398,0.125889,0.0797357,0.158055,0.111255,0.0552595,0.116618,0.0530891,0.128707,0.069965,0.160017,0.116085,0.085223,0.134467,0.0913591,0.144331,0.0814648,0.14078,0.0685604,0.130496,0.054154,0.125352,0.0649033,0.113194,0.0604122,0.12561,0.0766343,0.153089,0.10792,0.0789169,0.117884,0.0863591,0.115918,0.0645835,0.0874689,0.0262424,0.0584284,0.137989,0.0727262,0.137525,0.0801482]};
time = 26.6s
size =  50
set_speed = 0.4
