xte_vel = [,,,,,,,,,,,,,,,,,,,,,,,,,,,,,,,,,,,0.394111,0.32122,0.261039,0.192022,0.132096,0.0870514,0.0661358,0.0693646,0.0837426,0.106094,0.115287,0.125537,0.119402,0.111798,0.0931357,0.0885081,0.0713347,0.065345,0.0614831,0.0643892,0.0654525,0.0673195,0.0637177,0.0601252,0.056328,0.0570574,0.0557865,0.0595286,0.0631013,0.065221,0.0641135,0.0776801,0.0822476,0.0850443,0.096999,0.108472,0.117908,0.13539,0.136597,0.152876,0.174691,0.175495,0.201212,0.200016,0.207617,0.213313,0.215996,0.213626,0.230523,0.23541,0.228907,0.225627,0.216384,0.210726,0.207625,0.196134,0.190004,0.188559,0.180052,0.180207,0.175831,0.176738,0.175419,0.162858,0.151344,0.136063,0.111276,0.0921466,0.0616302,0.0135136,0.0227315,0.0640708,0.0977333,0.13746,0.164882,0.1930290.154891,0.160795,0.166282,0.155284,0.134121,0.106745,0.0935591,0.0740007,0.0711063,0.0511301,0.0504323,0.0496,0.0522114,0.0454339,0.0609109,0.0558018,0.0509059,0.086365,0.0811192,0.0860906,0.0842411,0.0851885,0.0874668,0.0877492,0.0873067,0.0786809,0.0666588,0.0595068,0.0518207,0.0528848,0.0565982,0.0568916,0.0647168,0.0758916,0.095292,0.0983025,0.124929,0.132578,0.164579,0.1755,0.185834,0.202753,0.215534,0.220567,0.227275,0.233256,0.239622,0.22698,0.230353,0.224383,0.214152,0.213583,0.208792,0.201211,0.197547,0.190952,0.19143,0.185281,0.173159,0.162955,0.141735,0.11014,0.0664908,0.0361024,0.0197118,0.0450443,0.0822768,0.1093440.113121,0.123244,0.11425,0.111713,0.112625,0.0975627,0.0904574,0.0940006,0.0831264,0.08005,0.080967,0.0755082,0.0695791,0.0606518,0.0555041,0.04782,0.051822,0.0504435,0.0480436,0.0550573,0.054147,0.0541466,0.0469785,0.0429491,0.0379945,0.0400518,0.0358494,0.0367101,0.037641,0.0405717,0.0464566,0.071766,0.0825605,0.113636,0.131916,0.16973,0.180937,0.211299,0.244658,0.261802,0.292161,0.29726,0.311496,0.315415,0.312975,0.301586,0.308026,0.295288,0.283295,0.263893,0.260241,0.244626,0.242722,0.226613,0.214283,0.194793,0.185249,0.170007,0.154898,0.145998,0.122354,0.106167,0.0807796,0.0602431,0.0395389,0.00879513,0.0160328,0.0490735,0.0740783,0.08683,0.0931382,0.0971103];
time = 55.2s
thresh = 0.5
set_speed = 0.4
,,,,,,,,,,,,,,,