dist_err_carrot = {[,,,,,,,,,,,,,,,,,,,,,,,,,,,,,,,,,,,,,,,,,,,,,,,,,,,,,,,,,,,,,,,,,,,,,,,,,,0.12199,0.191467,0.247112,0.227297,0.263325,0.225951,0.217573,0.164476,0.149563,0.0885177,0.107142,0.0540551,0.144504,0.113473,0.0890043,0.0614359,0.13558,0.108699,0.103746,0.188697,0.180102,0.218791,0.176359,0.143753,0.133742,0.0851875,0.112077,0.0643699,0.159488,0.133564,0.120747,0.0888248,0.0638634,0.160526,0.140064,0.14434,0.218671,0.208151,0.188388,0.203594,0.158151,0.189838,0.12528,0.0683919,0.160217,0.126722,0.112371,0.0920718,0.0717105,0.0626857,0.169028,0.162804,0.185647,0.240835,0.21757,0.194614,0.197423,0.158355,0.166566,0.127652,0.158005,0.110615,0.0558867,0.148616,0.115851,0.0954533,0.067335,0.0455543,0.143252,0.135178,0.143784,0.188431,0.165594,0.193338,0.149319,,0.0450431,0.123677,0.105511,0.0947257,0.0726231,0.162272,0.133022,0.127932,0.163388,0.222904,0.237377,0.267959,0.232252,0.248925,0.200278,0.159208,0.15706,0.0996057,0.140254,0.0897857,0.0538283,0.136956,0.112497,0.0908661,0.0740738,0.154449,0.151907,0.150962,0.205281,0.176144,0.164853,0.15822,0.118282,0.129126,0.0721449,0.132938,0.0767281,0.0437053,0.134468,0.105081,0.0840755,0.155971,0.113533,0.104815,0.182428,0.160493,0.191166,0.139018,0.107265,0.143561,0.115042,0.172859,0.134676,0.13131,0.127969,0.109734,0.159938,0.120986,0.129629,0.163786,0.203544,0.179565,0.221661,0.189952,0.169157,0.198139,0.149412,0.103936,0.17746,0.166165,0.154163,0.126365,0.12024,0.128261,0.181091,0.158449,0.147577,0.148192,0.195243,0.182815,0.140704,0.181511,0.140488,0.107891,0.185143,0.143418,0.109626,0.0812394,0.169873,0.141782,0.120276,0.104841,0.111947,0.181389,0.167668,0.155352,0.213365,0.19264,0.153496,0.186196,0.127543,0.0872511,0.14801,0.109438,0.0754666,0.0609708,0.171413,0.154981,0.136377,0.149136,0.150787,0.192884,0.171273,0.208116,0.161715,0.121225,0.140118,0.0937573,0.0486405,0.160647,0.145012,0.131694,0.104318,0.0972853,0.106697,0.191799,0.19135,0.249718,0.218095,0.188804,0.193648,0.142826,0.176261,0.117522,0.0770589,0.0475134,0.141909,0.133171,0.121772]};
time = 58s
size =  50
set_speed = 0.5
,,,,,,,,,,,,,,,,,,,,,,,,,,,,,,,,,,,,,,,,,,,,,,,,,,,,,,,,,,,,,,,,,,,,,,,,,,,,,,,,,,,,,,,,,,,,,,,,,,,,,,,,,,,,,,,,,,,,,,,,,,,,,,,,,,,,,,,,,,