dist_err_carrot = {[6.67057,6.67057,6.65693,6.63651,6.60383,6.57732,6.53506,6.46864,6.37542,6.28418,6.18254,6.08018,5.97246,5.87328,5.76365,5.63994,5.52792,5.41223,5.30513,5.1894,5.06942,4.95619,4.84242,4.73045,4.61726,4.5053,4.39336,4.29304,4.17013,4.07348,3.95903,3.84654,3.73836,3.62898,3.51963,3.41031,3.29474,3.17982,3.06555,2.9519,2.83963,2.72553,2.61021,2.49622,2.39288,2.28513,2.17763,2.06454,1.96066,1.85396,1.7482,1.64377,1.54254,1.43821,1.33459,1.22972,1.12427,1.02504,0.917691,0.813194,0.706886,0.599529,0.502105,0.399982,0.302317,0.204669,0.114979,0.0713269,0.0850139,0.153996,0.17873,0.202818,0.183395,0.192298,0.210621,0.152907,0.15554,0.0667806,0.12799,0.0939585,0.0807499,0.143141,0.10495,0.0666543,0.155267,0.136421,0.156167,0.212182,0.227656,0.243154,0.2016,0.195159,0.140605,0.128604,0.0672874,0.0956581,0.0484935,0.141572,0.113158,0.0850025,0.0324765,0.122162,0.102457,0.10359,0.175711,0.173418,0.216681,0.184032,0.205616,0.148522,0.0921529,0.0942146,0.0319039,0.120788,0.101834,0.0798047,0.152966,0.122228,0.0796654,0.0920313,0.162408,0.172587,0.211547,0.190668,0.192525,0.144165,0.143411,0.0785992,0.120293,0.0728488,0.152611,0.120819,0.0884226,0.0457842,0.0889144,0.0411407,0.126833,0.121205,0.190701,0.170592,0.21268,0.155935,0.103168,0.0986078,0.0436501,0.122705,0.104929,0.0827462,0.164703,0.120569,0.0751274]};
time = 30s
size =  50
set_speed = 0.5
