dist_err_vel = {[3.97011,3.97011,3.95012,3.87622,3.80096,3.71545,3.62798,3.53984,3.45567,3.35356,3.26712,3.16923,3.07789,2.98237,2.8934,2.80025,2.70849,2.6213,2.52575,2.43347,2.33974,2.24983,2.15699,2.0558,1.96382,1.86567,1.76265,1.66379,1.57576,1.4814,1.38927,1.30145,1.20426,1.1089,1.00368,0.905144,0.81069,0.704085,0.60519,0.49834],[0.472798],[0.466423],[0.473401],[0.499704],[0.538381,0.504005,0.463321],[0.518843,0.474799],[0.537683,0.502143,0.453951],[0.522851,0.483547],[0.535547,0.481463],[0.522755,0.462655],[0.497992],[0.50486,0.447444],[0.448707],[0.457397],[0.458285],[0.448642],[0.442901],[0.449804],[0.455059],[0.464471],[0.47782],[0.502184,0.441907],[0.488861],[0.537754,0.489916],[0.533141,0.483344],[0.520533,0.460697],[0.507199,0.440095],[0.478378],[0.515665,0.457383],[0.498181],[0.541841,0.481427],[0.521232,0.456764],[0.495094],[0.529212,0.468498],[0.492835],[0.525726,0.449457],[0.47509],[0.481197],[0.490071],[0.502034,0.422174],[0.426983],[0.433445],[0.43996],[0.455877],[0.475933],[0.500729,0.435236],[0.470101],[0.519801,0.457845],[0.512873]};
time = 22s
size =  50
thresh = 0.5
set_speed = 0.5
