xte_pos = [2.30645,1.87515,1.51713,1.13806,0.863611,0.576753,0.384108,0.257813,0.17639,0.140635,0.131428,0.130046,0.123901,0.124785,0.137454,0.147415,0.163433,0.163592,0.159111,0.151343,0.140339,0.131366,0.113283,0.10898,0.104569,0.0965134,0.0879389,0.0861703,0.0736637,0.0668228,0.0612346,0.0626967,0.0589592,0.0531155,0.056122,0.0580614,0.0600014,0.0538284,0.0512209,0.0408237,0.0439159,0.0373997,0.032244,0.0295594,0.0216521,0.0235398,0.0229582,0.0197161,0.0140974,0.0236275,0.0184128,0.0276189,0.0268806,0.0372128,0.0317457,0.0338844,0.035803,0.0339573,0.0306109,0.0271725,0.0164134,0.0184535,0.0201266,0.0296296,0.0240296,0.0338647,0.0337819,0.0437434,0.0459673,0.0421127,0.0388498,0.0369662,0.0336579,0.0300131,0.0264033,0.020135,0.018079,0.0128217,0.0103369,0.0148742,0.0212537,0.0246179,0.0334162,0.038422];
time = 19.8s
thresh = 0.5
