dist_err_vel = {[3.03113,3.03113,3.02213,2.98708,2.94608,2.90312,2.85712,2.81212,2.76512,2.72015,2.67315,2.62815,2.58516,2.54225,2.50025,2.45616,2.41217,2.36517,2.32017,2.27418,2.23018,2.18411,2.13911,2.09011,2.04511,1.99712,1.95112,1.89812,1.84913,1.8001,1.75419,1.70333,1.65534,1.60957,1.5668,1.52582,1.48523,1.44358,1.401,1.3597,1.31679,1.27138,1.2295,1.19261,1.15473,1.12145,1.0846,1.04577,1.00596,0.967925,0.928844,0.8901,0.850388,0.81467,0.777987,0.745298,0.708731,0.675995,0.640557,0.611207,0.5793,0.545219,0.510294,0.47264,0.43618,0.409493,0.37807],[0.394415],[0.429604,0.403854,0.387308],[0.431383,0.406725,0.387472],[0.430883,0.409335,0.38189],[0.439006,0.413025,0.38735],[0.45103,0.422419,0.399757],[0.461355,0.431221,0.402551,0.376421],[0.439739,0.407937,0.377564],[0.440407,0.409306,0.374949],[0.43399,0.401999,0.37046],[0.41836,0.385034],[0.434725,0.408004,0.371324],[0.412981,0.376341],[0.42551,0.382233],[0.42284,0.380723],[0.427073,0.386509],[0.434161,0.385755],[0.438394,0.397887],[0.445226,0.416097,0.381135],[0.45158,0.424044,0.394717],[0.477092,0.454016,0.43271,0.411369,0.384817],[0.485108,0.456178,0.438055,0.413427,0.385036],[0.474016,0.453802,0.433496,0.415003,0.396536],[0.474022,0.454636,0.429719,0.411029,0.373676],[0.446611,0.419495,0.392967],[0.443084,0.426608,0.402792,0.379092],[0.410425,0.376163],[0.412744,0.381266],[0.405551,0.376406],[0.408962,0.374499],[0.404187,0.373147],[0.400866,0.364929],[0.394047],[0.430379,0.386957],[0.428984,0.379134],[0.426559,0.379212],[0.420449,0.376258],[0.428065,0.385869],[0.434063,0.399101],[0.443934,0.409986,0.373464],[0.433155,0.392205],[0.442973,0.401789,0.374184],[0.426712,0.390639],[0.442383,0.41293,0.381862],[0.437471,0.401048,0.364531],[0.413781,0.38264],[0.419182,0.388543],[0.434769,0.401194,0.365312],[0.415331]};
time = 38.8s
size =  50
thresh = 0.4
set_speed = 0.2
