xte_carrot = [1.77066,1.77066,1.65268,1.58014,1.55467,1.53955,1.55215,1.55135,1.59828,1.68293,1.72955,1.80781,1.84206,1.91436,1.94556,2.01793,2.04558,2.11537,2.13609,2.20211,2.22426,2.28258,2.29151,2.33353,2.33624,2.37227,2.37416,2.39895,2.39082,2.41379,2.40724,2.42454,2.44302,2.43295,2.42722,2.42728,2.40345,2.37858,2.3425,2.31368,2.27791,2.24837,2.20654,2.16976,2.1325,2.08427,2.04638,1.99896,0.156291,0.12995,0.114448,0.107763,0.0939093,0.0863997,0.0692423,0.0641243,0.045646,0.0341486,0.02362,0.0257738,0.0182955,0.0194951,0.0108515,0.0149176,0.016103,0.0215109,0.0251076,0.0250066,0.0287745,0.0282246,0.0198625,0.0227827,0.0260861,0.0314434,0.0297581,0.0318441,0.0260323,0.0278689,0.0234079,0.0182096,0.0104515,0.00797213,0.0175118,0.0595704,0.0986256,0.144651,0.190424,0.242664,0.283018,0.330298,0.371252,0.414958,0.458131,0.506738,0.548271,0.59612,0.644276,0.691499,0.731869,0.772841,0.813219,0.8524,0.89531,0.936874,0.976067,1.02324,1.0666,1.11324,1.1566,1.20388,1.24944,1.2999,1.33968,1.37829,1.41748,1.46038,1.50566,1.54896,1.58794,1.63365,1.67583,1.72234,1.76213,1.80569,1.85017,1.88351,1.93166,1.96969,2.02136,2.06287,2.11455,2.15989,2.20947,2.25596,2.30937,2.35088,2.39817,2.43852,2.48642,2.53318,2.57209,2.62004,2.65923,2.69901,2.74111,2.78263,2.81952,2.86362,2.89881,2.94117,2.97861,3.01722,3.05642,3.09328,3.13507,3.17544,3.21846,3.25648,3.30092,3.34012,3.37969,3.42006,3.46453,3.50861,3.55427,3.59805,3.63962,3.68579,3.72393,3.76858,3.80483,3.85068,3.89477,3.94298,3.98709,4.03009,4.07184,4.11143,4.1552,4.19308,4.23109,4.26898,4.31573,4.35611,4.39541,4.44573,4.48682,4.52557,4.5667,4.60902,4.65832,4.69891,4.74969,4.79264,4.8397,4.89194,4.93549,4.97814,5.03824,5.08471,5.13492,5.1895,5.23628,5.28535,5.34519,5.39778,5.44827,5.49737,5.53855,5.57659];
time = 51s
