xte_pos = [0.25209,0.235926,0.223761,0.214867,0.211902,0.206312,0.204818,0.203448,0.200109,0.202224,0.201702,0.20227,0.201971,0.19912,0.205923,0.204422,0.205654,0.200051,0.200721,0.200032,0.198532,0.200769,0.204987,0.204027,0.209644,0.213156,0.223534,0.224951,0.234575,0.2349,0.239833,0.238987,0.238677,0.233355,0.24235,0.241342,0.241665,0.238269,0.241093,0.241569,0.245973,0.24332,0.251149,0.250501,0.251349,0.249875,0.251767,0.249212,0.257276,0.253186,0.259335,0.257923,0.269726,0.269321,0.269647,0.274128,0.272227,0.273297,0.271513,0.272969,0.26612,0.268837,0.265998,0.270627,0.271757,0.277214,0.27504,0.278618,0.277975,0.283155,0.280312,0.286771,0.285322,0.2871510.302006,0.299283,0.306047,0.307076,0.305933,0.302301,0.302281,0.298098,0.292709,0.282972,0.281496,0.268662,0.269103,0.265293,0.254421,0.242282,0.241318,0.236492,0.231487,0.225576,0.221249,0.218373,0.211195,0.202545,0.201743,0.196927,0.196956,0.195206,0.192847,0.194901,0.19822,0.199229,0.197513,0.200045,0.200017,0.200533,0.19594,0.195685,0.192391,0.193416,0.191984,0.190469,0.192912,0.192405,0.190064,0.192505,0.198481,0.200144,0.200835,0.197728,0.197629,0.193509,0.191097,0.19759,0.20166,0.199914,0.197058,0.203876,0.202251,0.208525,0.207499,0.211022,0.211785,0.213002,0.215013,0.213616,0.209811,0.209976,0.21078,0.220059,0.223337,0.223569,0.2235370.219196,0.214785,0.216387,0.217708,0.218232,0.219733,0.220997,0.221679,0.220837,0.219693,0.217602,0.218047,0.213137,0.217368,0.220909,0.225735,0.2242,0.221023,0.212771,0.220552,0.226584,0.232371,0.229686,0.242501,0.236427,0.238793,0.235636,0.231921,0.22581,0.229616,0.226781,0.231855,0.221987,0.225955,0.231018,0.223331,0.219301,0.202373,0.19776,0.182248,0.174241,0.168515,0.167683,0.160075,0.162094,0.161757,0.154593,0.15545,0.150839,0.149679,0.146024,0.145222,0.14189,0.142121,0.145695,0.147657,0.145679,0.154945,0.15995,0.160885,0.167535,0.174819,0.182785,0.184472,0.187921,0.18886,0.194992,0.199745];
time = 48.8s
thresh = 0.5
,,,,,,,,,,,,,,,,,,,,,,,,,,,,,,,,,,,,,,,,,,,,,,,,,,,,,,,,,,,,,,,,,,,,,,,,,,,,,,,,,,,,,,,,,,,,,,,,,,,,,,,,,,,,,,,,,,,,,,,,,,,,,,,,,,,,,,,,,,,,,,,,,,,,,,,,,,,,,,,,,,,,,,,,,,,,,,,,,,,,,,,,,,,,,,,,,,,,,,,,,,,,,,,,,,,,,,,,,,,,,,,,,,,,,,,,,,,,,,,,,,,,,,,,,,,,,,,,,,,,,,,,,,,,,,,,,,,,,,,,,,,,,,,,,,,,,,,,,,,,,,,,,,,,,,,,,,,,,,,,,,,,,,,,,,,,,,,,,,,,,,,,,,,,,,,,,,,,,,,,,,,,,,,,,,,,,,,,,,,,,,,,,,,,,,,,,,,,,,,,,,,,,,,,,,,,,,,,,,,,,,,,,,,,,,,,,,,,,