dist_err_carrot = {[,,,,,,,,,,,,,,,,,,,,,,,,,,,,,,,,,,,,,,,,,,,,,,,,,,,,,,,,,,,,,,,,,,,,,,,,,,,0.0981894,0.18293,0.203545,0.229751,0.22982,0.248892,0.232335,0.229751,0.187681,0.174799,0.128127,0.144474,0.0929578,0.0405816,0.111654,0.0751978,0.0377839,0.133444,0.0963681,0.0957045,0.174294,0.169123,0.219849,0.184281,0.217703,0.151752,0.159505,0.0802343,0.0888882,0.0315542,0.091103,0.0825904,0.12904,0.0759734,0.120928,0.0526904,0.127912,0.106604,0.177302,0.169439,0.195988,0.161209,0.158452,0.107228,0.079238,0.110063,0.0671625,0.155213,0.14915,0.135691,0.104007,0.11492,0.0516297,0.119631,0.110613,0.177187,0.177166,0.206145,0.170365,0.170077,0.105021,0.115812,0.0430682,0.128266,0.126229,0.128912,0.105979,0.155442,0.106611,0.0559166,0.149085,0.147672,0.222535,0.202893,0.235388,0.180121,0.13215,0.11732,0.0502973,0.111135,0.0801357,0.0917634,0.16843,0.149814,0.0988806,,0.164804,0.238258,0.246752,0.263371,0.225331,0.212182,0.159903,0.135196,0.0693746,0.10281,0.057335,0.150153,0.134139,0.10509,0.062758,0.146654,0.122472,0.153366,0.230572,0.223959,0.254863,0.212514,0.214266,0.148937,0.155418,0.0782154,0.020333,0.113357,0.108977,0.0873835,0.149408,0.103453,0.0584028,0.147431,0.156434,0.220949,0.206283,0.232235,0.182757,0.183023,0.114139,0.125853,0.0516045,0.140684,0.117847,0.114938,0.0941928,0.139484,0.0816914,0.0593371,0.156311,0.166598,0.223164,0.224154,0.238554,0.192618,0.181157,0.112716,0.101506,0.0386572,0.107979,0.0934229,0.172485,0.15487,0.108449,0.0386116,0.108098,0.0908862,0.167577,0.165954,0.2059,0.166537,0.184932,0.120091,0.0641936,0.10114,0.0585006,0.170465,0.166549,0.133753,0.0946094,,0.195449,0.272282,0.257533,0.282651,0.229856,0.21513,0.147847,0.128965,0.0470656,0.0845574,0.0640815,0.15472,0.14125,0.100945,0.0439906,0.0972105,0.0885461,0.16988,0.180541,0.240287,0.214396,0.235363,0.187951,0.17167,0.107258,0.0945121,0.019766,0.106543,0.0919475,0.0764315,0.145195,0.107702,0.0585564,0.141582,0.128267,0.210578,0.19761,0.181993,0.161948,0.172795,0.104352,0.150342,0.0977448,0.0836639,0.178206,0.168262,0.14366,0.0917087,0.0220968,0.116431,0.139486,0.21445,0.21911,0.255791,0.230091,0.236322,0.181554,0.186553,0.10908,0.0542989,0.115424,0.107293,0.10261,0.0839846,0.162137,0.13264,0.0955628,0.119787,0.192743,0.213671,0.241649,0.227873,0.229381,0.181931,0.165629,0.10055,0.104764,0.0394016,0.13104,0.105373,0.101379]};
time = 65s
size =  50
set_speed = 0.5
,,,,,,,,,,,,,,,,,,,,,,,,,,,,,,,,,,,,,,,,,