xte_vel = [,0.264199,0.166893,0.0939912,0.0638284,0.0860185,0.0954417,0.0851648,0.060263,0.0328766,0.00878478,0.0465418,0.0932438,0.133313,0.178986,0.213809,0.230769,0.257371,0.257061,0.265805,0.268629,0.257403,0.260243,0.250992,0.241921,0.24757,0.245572,0.258334,0.257608,0.270797,0.298088,0.316446,0.32492,0.320933,0.325922,0.320343,0.324718,0.320526,0.327654,0.332187,0.346007,0.342925,0.348338,0.342951,0.349305,0.34981,0.363228,0.353002,0.359606,0.349662,0.350268,0.334798,0.335027,0.314177,0.324594,0.332792,0.320124,0.326485,0.312876,0.305889,0.288866,0.280126,0.274334,0.2621930.252353,0.241905,0.249593,0.244266,0.246013,0.252444,0.264616,0.272953,0.302519,0.316186,0.348219,0.355185,0.381535,0.380386,0.394156,0.396912,0.390665,0.37809,0.376107,0.352646,0.330832,0.320434,0.286416,0.270473,0.228556,0.204529,0.172628,0.156685,0.145513,0.149808,0.163364,0.187003,0.216329,0.250194,0.290774,0.307232,0.334438,0.347561,0.353037,0.37548,0.363317,0.366883,0.345812,0.338628,0.311842,0.3025,0.28266,0.288612,0.278547,0.304962,0.318823,0.343949,0.363314,0.391645,0.393664,0.40528,0.404639,0.711164,0.669368,0.600083,0.524364,0.44084,0.357268,0.274886,0.201534,0.135944,0.101023,0.115633,0.169577,0.223718,0.290714,0.33731,0.391079,0.434134,0.446446,0.45838,0.442084,0.419979,0.504736,0.500869,0.457945,0.401761,0.333851,0.251654,0.170583,0.0936908,0.0340056,0.093381,0.171905,0.246591,0.294867,0.366902,0.397549,0.435751,0.45415,0.472048,0.469867,0.465869,0.464428,0.440198,0.402072,0.339117,0.266821,0.185891,0.10494,0.0234724,0.0583142,0.121625,0.195667,0.242493,0.296469,0.335465,0.364524,0.376449,0.383750.298262,0.263094,0.220857,0.178273,0.143567,0.115576,0.107594,0.102039,0.122946,0.152272,0.170808,0.199657,0.227855,0.253998,0.269326,0.281623,0.285776,0.302937,0.305187,0.325027,0.326688,0.336469,0.326632,0.333487,0.32622,0.328013,0.323144,0.318371,0.311055,0.309549,0.292641,0.294922,0.291181,0.284344,0.283741,0.274939,0.26309,0.244996,0.236296,0.214573,0.209534,0.206863,0.206323,0.208738,0.212293,0.212088,0.226384,0.233968,0.248924,0.263678,0.28138,0.281989,0.30756,0.322411,0.33896,0.349386,0.343339,0.332769,0.316733,0.303624];
time = 64s
thresh = 0.4
set_speed = 0.5
,,,,,,,,,,,,,