rmse_pos = {[0.511227,0.511227,0.612468,0.669887,0.62886,0.528958,0.411047],[0.370518],[0.37117],[0.401122],[0.456246],[0.514809,0.439091],[0.504049,0.429816],[0.500514,0.431544],[0.506033,0.440738],[0.499832],[0.56262,0.494613],[0.55083,0.471802],[0.525181,0.441495],[0.496836],[0.560418,0.477401],[0.522861,0.439827],[0.496791],[0.545693,0.462138],[0.515919,0.427212],[0.479579],[0.543923,0.454498],[0.50165,0.423682],[0.482052],[0.537046,0.451467],[0.504071,0.42646],[0.470594],[0.534421,0.441727],[0.493587],[0.546122,0.458728],[0.508572,0.426662],[0.480113],[0.536669,0.451812],[0.498068],[0.548327,0.45907],[0.513049,0.427318],[0.480781],[0.538514,0.454064],[0.509301,0.418398],[0.46979],[0.521974,0.430443],[0.485732],[0.542557,0.456616],[0.515874,0.428915],[0.490226],[0.554813,0.468142],[0.519734,0.422389],[0.475616],[0.535396,0.448104],[0.498318],[0.561866]};
time = 16.8s
size =  50
thresh = 0.5
