dist_err_pos = {[,,,,,,,,,,,,,,,,],[0.408561],[0.432555],[0.483218],[0.534584,0.491505],[0.523015,0.473647],[0.505597,0.452941],[0.49686],[0.539407,0.496474],[0.539245,0.489925],[0.527467,0.46745],[0.504565,0.443832],[0.475533],[0.497454],[0.513523,0.446035],[0.442602],[0.436345],[0.429426],[0.419782],[0.398744],[0.392962],[0.393275],[0.413951],[0.457158],[0.505913,0.474197],[0.53061,0.486758],[0.531814,0.493409],[0.515832,0.460947],[0.47224],[0.473262],[0.468404],[0.463454],[0.460194],[0.459756],[0.466016],[0.481169],[0.493631],[0.507279,0.448376],[0.464885],[0.490837],[0.520164,0.460013],[0.493763],[0.531268,0.471947],[0.510562,0.45031],[0.49404],[0.533362,0.464522],[0.499925],[0.534186,0.473423],[0.504536,0.434056],[0.461027],[0.445981],[0.488545],[0.536546,0.497647],[0.553067,0.505949,0.460822],[0.520338,0.486548],[0.566495,0.53684,0.514698,0.488359],[0.547349,0.520021,0.472619],[0.513821,0.458736],[0.489248],[0.510049,0.438695],[0.445492],[0.450306],[0.44705],[0.434292],[0.420602],[0.410126],[0.398307],[0.392389],[0.394131],[0.40162],[0.419305],[0.467646],[0.52719,0.490974],[0.553618,0.510251,0.457792],[0.515314,0.467837],[0.517901,0.46878],[0.486718],[0.491629],[0.487546],[0.478883],[0.464719],[0.452141],[0.441155],[0.437941],[0.438807],[0.448388],[0.449432],[0.461982],[0.479488],[0.508435,0.433176],[0.4603],[0.490534],[0.52378,0.456386],[0.486951],[0.530511,0.456616],[0.488608],[0.520932,0.4503],[0.475394],[0.49918],[0.459175],[0.478697],[0.518564,0.483236],[0.538819,0.504272,0.462889],[0.523501,0.489665],[0.550786,0.512509,0.470419],[0.520783,0.478761],[0.530485,0.483887],[0.531497,0.476019],[0.50344,0.442739],[0.467371],[0.471951],[0.481199],[0.492479],[0.492556],[0.481669],[0.474122],[0.463997],[0.455569],[0.453153],[0.458294],[0.474564],[0.507661,0.454198],[0.500448,0.446968],[0.48913],[0.526104,0.469141],[0.495168],[0.504861,0.44115],[0.434328],[0.430543],[0.433823],[0.435296],[0.438575],[0.46229],[0.477519],[0.500066,0.427552],[0.449927],[0.476668],[0.505826,0.450486],[0.488467],[0.521982,0.455072],[0.499451],[0.540519,0.4758],[0.513433,0.451263],[0.483255],[0.524665,0.460198],[0.49219],[0.528803,0.467277],[0.498051]};
time = 45s
size =  50
thresh = 0.5
],[,,,,,,,,,,,,,,,,,,,,,,,,,,,,,,,,,,,,,,,,,,,,,,,,,,,,,