thresh = 0.2m
speed = 0.1m/s
rmse_vel = {[7.22536,7.22536,7.2248,7.2248,7.21973,7.22029,7.2253,7.22809,7.22249,7.2236,7.22913,7.23025,7.22964,7.23245,7.23967,7.23524,7.23637,7.24079,7.2441,7.24967,7.25748,7.26417,7.2653,7.26975,7.2714,7.27418,7.27194,7.27361,7.27081,7.26913,7.26801,7.26746,7.2769,7.27133,7.26855,7.26632,7.26355,7.25634,7.25191,7.24472,7.24086,7.24819,7.24489,7.23776,7.23338,7.2286,7.22717,7.22228,7.22083,7.22489,7.22219,7.22401,7.21747,7.21424,7.2134,7.20911,7.19484,7.19352,7.18225,7.18097,7.16677,7.15982,7.16018,7.15381,7.14482,7.1406,7.13217,7.1207,7.10819,7.10347,7.09458,7.08315,7.07792,7.0665,7.06181,7.0504,7.03378,7.02962,7.01508,7.01196,7.00057,6.99276,6.98495,6.98081,6.96368,6.96058,6.95126,6.94604,6.94346,6.93721,6.92164,6.91958,6.91282,6.90659,6.89621,6.88998,6.88895,6.88632,6.88267,6.87384,6.86813,6.86084,6.85565,6.84733,6.84213,6.83486,6.83433,6.83744,6.83641,6.83797,6.82813,6.82917,6.82503,6.82555,6.81835,6.81012,6.80556,6.80514,6.80223,6.80239,6.79798,6.79925,6.80215,6.80935,6.81527,6.81424,6.82289,6.8274,6.8394,6.84815,6.85749,6.85739,6.86347,6.87068,6.87338,6.87445,6.88061,6.88505,6.88729,6.88733,6.8885,6.8997,6.90201,6.90155,6.90155,6.90267,6.90548,6.90391,6.90616,6.91021,6.91077,6.91133,6.90867,6.9081,6.90754,6.90529,6.91414,6.90742,6.90406,6.89552,6.89273,6.89153,6.88819,6.88026,6.87748,6.87855,6.87467,6.87079,6.86859,6.86701,6.86488,6.86902,6.86803,6.8699,6.87059,6.87021,6.87038,6.87454,6.8837,6.88684,6.88762,6.89189,6.89325,6.89896,6.89877,6.90055,6.89988,6.9007,6.89957,6.90413,6.90512,6.91438,6.91594,6.91907,6.91702,6.92332,6.93017,6.93551,6.93768,6.94511,6.9473,6.94799,6.94596,6.94991,6.94738,6.94766,6.94715,6.9522,6.95197,6.95326,6.95407,6.95689,6.95349,6.95249,6.95347,6.95682,6.96206,6.95957,6.95279,6.95031,6.95563,6.94549,6.94349,6.93955,6.93189,6.92846,6.91937,6.91228,6.91284,6.90628,6.90494,6.9001,6.89521,6.89492,6.88561,6.88537,6.87205,6.8709,6.85572,6.84959,6.83998,6.83988,6.82434,6.81829,6.81733,6.81269,6.80485,6.79887,6.78691,6.78143,6.76233,6.75017,6.74382,6.73124,6.71936,6.70213,6.69163,6.6753,6.66393,6.65947,6.64725,6.64194,6.63197,6.62334,6.61676,6.61282,6.60421,6.59649,6.58792,6.57893,6.56443,6.55676,6.5423,6.53002,6.52109,6.52042,6.51614,6.5168,6.51048,6.51664,6.50694,6.51058,6.50924,6.50213,6.49625,6.5,6.49291,6.49918,6.49211,6.48671,6.49135,6.49933,6.49809,6.5007,6.50788,6.50705,6.50664,6.50622,6.51383,6.51383,6.51774,6.51857,6.52022,6.52416,6.52664,6.5238,6.52671,6.53643,6.53851,6.5406,6.54969,6.55262,6.55599,6.55936,6.5657,6.57036,6.57547,6.59138,6.60313,6.60699,6.61268,6.6157,6.61784,6.62088,6.63378,6.62889,6.63688,6.63159,6.62982,6.63643,6.63793,6.64325,6.65132,6.65667,6.65195,6.6533,6.65599,6.65778,6.6531,6.65536,6.65942,6.66214,6.66486,6.65573,6.65937,6.66165,6.66577,6.66806,6.67393,6.66752,6.6712,6.67708,