dist_err_carrot = {[7.21506,7.21506,7.20188,7.18437,7.15249,7.0675,6.95047,6.82396,6.67978,6.53331,6.37543,6.22566,6.06341,5.90172,5.73301,5.56082,5.39268,5.21795,5.04781,4.87818,4.70955,4.54192,4.37833,4.20354,4.03739,3.86715,3.701,3.53436,3.36366,3.19444,3.03335,2.86371,2.69508,2.53453,2.36841,2.1962,2.02403,1.86359,1.6963,1.52287,1.35301,1.17943,1.0066,0.833702,0.661564,0.485258,0.318047,0.148048,0.0858847,0.224212,0.282851,0.26231,0.234837,0.224913,0.25046,0.283774,0.264925,0.214758,0.0990551,0.120084,0.230404,0.253426,0.235742,0.198696,0.172435,0.196551,0.262421,0.302247,0.275987,0.235343,0.186419,0.192076,0.163533,0.15415,0.197589,0.274989,0.33545,0.340741,0.282255,0.21314,0.0855188,0.0990055,0.172344,0.325921,0.39938,0.411039,0.359897,0.2686,0.186417,0.0572209,0.109848,0.203675,0.363092,0.419525,0.397271,0.336607,0.240453,0.164581,0.0596742,0.198181,0.303983,0.412458,0.447058,0.415461,0.359838,0.299723,0.183551,0.157854,0.154169,0.237282,0.389594,0.455942,0.448228,0.387459,0.316927,0.207847]};
time = 23s
size =  50
set_speed = 0.9
