xte_carrot = [2.34493,2.31299,2.28636,2.25442,2.22734,2.1974,2.17182,2.13988,2.11293,2.08099,2.05304,2.01911,1.99041,1.9571,1.92515,1.88948,1.86189,1.83114,1.79864,1.76369,1.73198,1.69702,1.66457,1.62833,1.59336,1.55739,1.52412,1.48788,1.45477,1.41959,1.38829,1.3543,1.31404,1.27304,1.235,1.196,1.1542,1.11434,1.06976,1.02979,0.987432,0.945876,0.900871,0.859097,0.812428,0.768681,0.730462,0.693806,0.656191,0.617708,0.576715,0.535401,0.490065,0.448415,0.406089,0.369849,0.335876,0.304218,0.272219,0.235672,0.203215,0.167736,0.137896,0.107673,0.0834132,0.0595786,0.0543541,0.0470194,0.0587126,0.0731554,0.0741808,0.0804859,0.0744322,0.088326,0.10727,0.11111,0.118814,0.101725,0.116482,0.118562,0.123878,0.11369,0.124595,0.11564,0.116343,0.102624,0.108012,0.102918,0.104058,0.0950315,0.103162,0.0961066,0.101132,0.100387,0.108384,0.103272,0.107334,0.115488,0.106114,0.0991283,0.0840989,0.0810963,0.0702804,0.0745777,0.0675134,0.0789203,0.0780005,0.0853278,0.0832158,0.0886903,0.0752917,0.08512,0.0805393,0.0865235,0.0781457,0.0824125,0.0731141,0.0753702,0.0671636,0.0679918,0.0625787,0.0738965,0.0736042,0.0915607,0.0872578,0.089617,0.0852767,0.0910595,0.0916791,0.0821226,0.0718379,0.0631113,0.0643878,0.0576388,0.0490532,0.0350002,0.0320126,0.0300476,0.0378559,0.0363517,0.0410734,0.0435248,0.0468857,0.0366015,0.0352043,0.0373181,0.0383689,0.0475351,0.0586898,0.0716406,0.0711449,0.0681372,0.0693136,0.0677445,0.0576755,0.0519013,0.0359007,0.0297445,0.0222522,0.017056,0.0150021,0.0144758,0.0201284,0.0203241,0.0212376,0.0128291,0.013633,0.00127512,0.0297737,0.0381662,0.0672733,0.0795623,0.102751,0.114079,0.113209,0.126529,0.120794,0.119525,0.109333,0.0987831,0.0794111,0.0778661,0.0588122,0.0475527,0.0291989,0.0174094,0.0136736,0.0216314,0.0255731,0.0318545,0.0232997,0.0268453,0.0241551,0.027899,0.0226325,0.0237332,0.0287054,0.0317548,0.0341811,0.038086,0.0351766,0.047603,0.0511237,0.0509549,0.0429072,0.0429533,0.0344236,0.0378656,0.0347234,0.0478345,0.0496943,0.0536108,0.0465472,0.0480112,0.0410002,0.0515768,0.0568145,0.0734545,0.0752844,0.0888223,0.0841272,0.0881397,0.0836157,0.0847363,0.0748247,0.080717,0.0801231,0.0899251,0.0879201,0.098313,0.101259,0.114861,0.107288,0.118815,0.110132,0.117062,0.115079,0.120505,0.109167,0.112806,0.110487,0.117367,0.122028];
time = 53.6s
set_speed = 0.2
