xte_vel = [0.0393278,0.0370948,0.0316799,0.0237381,0.0241435,0.0308171,0.0390812,0.043424,0.0460999,0.050692,0.053835,0.060791,0.0636372,0.0699079,0.0704037,0.066238,0.0614811,0.0614214,0.0556205,0.0558998,0.0458486,0.0458794,0.0382342,0.0453901,0.0457662,0.0490783,0.0600197,0.0705086,0.0791135,0.0874919,0.0849793,0.0872533,0.0839883,0.0857186,0.0842582,0.08298,0.0728877,0.0741628,0.0666445,0.0605012,0.0567345,0.0531873,0.0497372,0.0459891,0.0469689,0.0479881,0.0382011,0.0409339,0.0481927,0.0444044,0.040783,0.0408763,0.03881,0.0396928,0.0450239,0.0413318,0.038506,0.0365065,0.0320025,0.029666,0.031174,0.027504,0.025878,0.0254483,0.0220162,0.0277443,0.0300673,0.0327575,0.034008,0.0386557,0.0474874,0.0465175,0.061016,0.0549413,0.0589445,0.0579764,0.0585089,0.0565922,0.0600062,0.0536164,0.049008,0.0390392,0.0330296,0.0306242,0.0323582,0.0383437,0.0449865,0.0515638,0.0606983,0.0636303,0.0568398,0.0565809,0.0515493,0.0539041,0.0487145,0.0428744,0.0352906,0.0339754,0.0321456,0.0305779,0.0306468,0.0285293,0.0247769,0.0244034,0.0194974,0.0205893,0.018605,0.00925251,0.00816729,0.00915862,0.0129185,0.00848931,0.00850978,0.00600627,0.0047772,0.00548363,0.00758045,0.0105258,0.0146879,0.0214482,0.0299388,0.0311625,0.0315087,0.0364143,0.0307706,0.0362262,0.0356601,0.0452801,0.0448805,0.0549213,0.0514991,0.0651006,0.06143,0.0800658,0.0801467,0.0953639,0.0959282,0.107267,0.109032,0.110355,0.10516,0.104298,0.0896113,0.096023,0.0866474,0.0854469,0.0822938,0.0817772,0.0695272,0.0752777,0.0763789,0.0841711,0.0863511,0.0952991,0.0930372,0.100003,0.100002,0.106072,0.102034];
time = 47.2s
thresh = 0.2
set_speed = 0.2
