dist_err_carrot = {[2.171,2.171,2.0381,1.9508,1.93012,1.91052,1.91958,1.91621,1.9468,2.01106,2.04232,2.10057,2.12169,2.17048,2.18794,2.24153,2.25871,2.30697,2.31852,2.36722,2.38098,2.42396,2.42365,2.45332,2.44904,2.47149,2.4666,2.47885,2.46474,2.47908,2.46757,2.47828,2.48849,2.47359,2.46198,2.45578,2.42916,2.39969,2.36078,2.32894,2.29213,2.25977,2.21625,2.17735,2.13912,2.08896,2.04948,2.00079,1.94911,1.90036,1.84485,1.79605,1.74084,1.68767,1.62122,1.56725,1.50314,1.44612,1.37159,1.30951,1.24947,1.1937,1.12386,1.06157,0.993816,0.938596,0.865756,0.793486,0.73976,0.680876,0.623976,0.567373,0.51968,0.462064,0.420251,0.369001,0.32453,0.287326,0.26083,0.251049,0.234662,0.228685,0.219984,0.21881,0.220331,0.226807,0.227613,0.228765,0.215383,0.21577,0.205273,0.193965,0.183008,0.172817,0.152956,0.154023,0.157116,0.164626,0.17599,0.199567,0.225382,0.254078,0.281282,0.320058,0.362306,0.403286,0.449025,0.488813,0.532993,0.579515,0.619304,0.662679,0.708637,0.747228,0.792617,0.830614,0.875973,0.919583,0.962313,1.00889,1.06398,1.10495,1.15271,1.19309,1.24527,1.29252,1.33632,1.38916,1.42893,1.47305,1.51225,1.55814,1.60429,1.65629,1.69664,1.74372,1.78466,1.82826,1.8713,1.92027,1.96179,2.00947,2.05788,2.10497,2.14533,2.18629,2.22665,2.26585,2.30901,2.35054,2.38974,2.43702,2.48031,2.52702,2.57032,2.61764,2.66323,2.71374,2.75352,2.79213,2.83132,2.87426,2.91954,2.96281,3.00174,3.04738,3.08951,3.136,3.17578,3.21934,3.26396,3.29733,3.34552,3.38356,3.43524,3.47675,3.52844,3.57376,3.62337,3.66984,3.72326,3.76477,3.81208,3.85243,3.90033,3.9471,3.986,4.03394,4.07313,4.11291,4.155,4.19652,4.23338,4.27749,4.31264,4.35502,4.39247,4.43108,4.47028,4.50715,4.54895,4.58931,4.63232,4.67035,4.7148,4.75399,4.79353,4.83389,4.87835,4.92244,4.96807,5.01177,5.05332,5.0995,5.1377,5.18237,5.21864,5.26449,5.30859,5.35679,5.40091,5.44391,5.48567,5.52523,5.56893,5.60677,5.64479,5.68264,5.7294,5.76977,5.80913,5.85943,5.90056,5.93935,5.98051,6.02285,6.07217,6.11278,6.16356,6.20652,6.25357,6.30582,6.34937,6.39203,6.45214,6.4986,6.54882,6.6034,6.65016,6.69923,6.75906,6.81165,6.86215,6.91124,6.95244,6.99049]};
time = 51s
size =  50
