xte_pos = [0.114713,0.107359,0.0991109,0.0938089,0.0829433,0.0790381,0.0742602,0.0691537,0.058498,0.0518135,0.0497346,0.0381071,0.0340105,0.0258697,0.0272414,0.0250818,0.0294097,0.032453,0.039015,0.0416502,0.0540565,0.0572405,0.0681344,0.0717081,0.0778871,0.0819287,0.0827986,0.0805353,0.0808377,0.0894189,0.0892656,0.0964744,0.104206,0.10301,0.109125,0.10767,0.107947,0.105462,0.107023,0.1024,0.102385,0.0958029,0.0961901,0.0977239,0.0971937,0.0940517,0.0997438,0.0985697,0.101437,0.0956105,0.101432,0.105906,0.113257,0.123426,0.12278,0.126091,0.122781,0.128827,0.130078,0.129222,0.128904,0.127061,0.127653,0.126518,0.128258,0.126296,0.123538,0.128522,0.121322,0.126947,0.122469,0.124992,0.1232640.108318,0.103778,0.105042,0.106904,0.105219,0.104119,0.0988506,0.0934065,0.0869559,0.081222,0.0794175,0.06656,0.0649851,0.0544946,0.0496143,0.0473663,0.0451813,0.0461548,0.042687,0.0416447,0.0489237,0.0436589,0.0441297,0.0398736,0.0366558,0.0331001,0.0320536,0.0310989,0.0309475,0.0307989,0.0374112,0.0370982,0.0400089,0.0406047,0.0393436,0.0377421,0.0437651,0.0446876,0.0420214,0.0389295,0.0330493,0.0293127,0.0296453,0.027692,0.0302086,0.032641,0.0315826,0.0320695,0.0305758,0.032642,0.0316728,0.0354297,0.037825,0.0401321,0.0398836,0.0410506,0.0420089,0.0416961,0.0430005,0.0440879,0.0472316,0.0481665,0.0503044,0.05029,0.0481065,0.0440347,0.0410952,0.0413614,0.041004,0.0454438,0.0481756,0.0530043,0.0507032,0.0486621,0.0450637,0.0417821,0.0413594,0.0447123,0.0485299,0.04899320.0601333,0.0606403,0.0648026,0.0639791,0.0621904,0.0607069,0.0575269,0.058271,0.058393,0.0573644,0.0539289,0.0547869,0.0560808,0.0562735,0.0576426,0.0592145,0.0597574,0.0652526,0.0679253,0.0734823,0.0736318,0.0820027,0.080705,0.086174,0.0842569,0.0803189,0.0760397,0.0730124,0.0720191,0.0739946,0.0803749,0.0834551,0.0835527,0.0878872,0.0871882,0.0880056,0.0860284,0.0884559,0.0929379,0.0937814,0.0963722,0.0954488,0.0891781,0.0842542,0.0846908,0.0881825,0.085717,0.0852776,0.0902827,0.0925449,0.0953084,0.0999988,0.0984881,0.105025,0.108635,0.112039,0.117279,0.120275,0.120312,0.110553,0.106762,0.0936065,0.0820419,0.0699929,0.0694211,0.0557483,0.0553713,0.0477864,0.0379087,0.0312216,0.0252149,0.0270906,0.0196618,0.0237048,0.0279188,0.0280189,0.0358124,0.0406188,0.0429199];
time = 53.2s
thresh = 0.5
,,,,,,