dist_err_carrot = {[,,,,,,,,,,,,,,,,,,,,,,,,,,,,,,,,,,,,,,,,,,,,,,,,,,,,,,,,,,,,,,,,,,,,,,,,,0.162654,0.204402,0.24045,0.209196,0.217494,0.160338,0.127257,0.0552346,0.065061,0.152555,0.127449,0.116431,0.0883771,0.128758,0.0756041,0.0590354,0.138186,0.156549,0.204825,0.203163,0.216847,0.170517,0.164199,0.102049,0.114088,0.0426938,0.115473,0.0995984,0.0887623,0.175877,0.147293,0.105912,0.0851818,0.175647,0.194038,0.249984,0.227328,0.244255,0.184738,0.188207,0.11268,0.133044,0.0651991,0.16014,0.137885,0.124018,0.0973635,0.0459309,0.115782,0.112972,0.141665,0.219184,0.22429,0.265675,0.230056,0.247476,0.195532,0.198164,0.11878,0.130569,0.0487025,0.124911,0.103173,0.0845434,0.161193,0.122829,0.0729573,0.0740563,0.160536,0.179915,0.236671,0.219817,0.231664,0.173722,0.1805,0.104583,0.143354,0.0953001,0.0841337,0.180522,0.178632,0.140614,0.08093,0.236889]};
time = 31.6s
size =  50
set_speed = 0.5
,,,,,,,,,,,,,,,,,,,,,,,,,,,,,,,,,,,,,,,,,,,,,,,,,,,,,,,,,,,,,,,,,,,,,,,,,,,,,,,,,,,,,,,,,,,,,,,,,,,,,,,,,,,,,,,,,,,,,,,,,,