rmse_pos = {[7.29761,7.29761,7.28112,7.18297,7.03817,6.80439,6.3718,5.80536,5.17683,4.5339,3.90454,3.33781,2.82181,2.39113,2.04307,1.75884,1.52356,1.32177,1.13988,0.971893,0.832785,0.719572,0.625624,0.547022,0.488914],[0.314109],[0.215804],[0.264956],[0.373566],[0.496529],[0.589713,0.542263,0.480558],[0.536944,0.464758],[0.517768,0.425902],[0.475812],[0.521944,0.430283],[0.47963],[0.526232,0.438077],[0.484407],[0.529964,0.4369],[0.479705],[0.521579,0.429514],[0.473191],[0.521406,0.42322],[0.475246],[0.517957,0.431736],[0.475383],[0.525456,0.437182],[0.483539],[0.530135,0.434126],[0.48554],[0.534769,0.442655],[0.498759],[0.546769,0.456738],[0.501701,0.407279],[0.457894],[0.513409,0.427083],[0.478856],[0.538639,0.446975],[0.490108],[0.541525,0.44958],[0.497976],[0.552283,0.459303],[0.510253,0.419085],[0.46891],[0.526399,0.43101],[0.487548],[0.542027,0.448813],[0.499063],[0.553406,0.457884],[0.50654,0.410924],[0.469143],[0.522638,0.441947],[0.498881],[0.562447]};
time = 19.6s
size =  50
thresh = 0.5
