xte_vel = [2.1213,2.09069,2.05774,2.02518,1.99068,1.95474,1.91431,1.87141,1.83004,1.79115,1.75385,1.71698,1.67877,1.63893,1.59612,1.55342,1.51439,1.47655,1.43737,1.39695,1.35657,1.31575,1.27294,1.22857,1.18478,1.1418,1.10039,1.05657,1.01416,0.971258,0.927884,0.883094,0.838206,0.792898,0.747015,0.700707,0.656821,0.610958,0.564709,0.522927,0.483169,0.447266,0.410651,0.37022,0.329314,0.292025,0.253636,0.218238,0.181948,0.149481,0.116485,0.0907297,0.0288473,0.0267244,0.0160279,0.0149282,0.00198611,0.00217942,0.0155964,0.019273,0.0191788,0.0203819,0.028867,0.021436,0.0272013,0.0265347,0.0240232,0.0214533,0.021698,0.0262855,0.0295148,0.0352323,0.0300978,0.0308684,0.0198927,0.0123716,0.0114251,0.00692844,0.00446769,0.00832331,0.00960904,0.0112235,0.0178819,0.0126736,0.01285,0.00893013,0.00400564,0.0187405,0.00303099,0.00399183,0.00703249,0.011363,0.0160435,0.00995709,0.0184323,0.0160832,0.0151075,0.0158878,0.0209545,0.0159838,0.0249415,0.0263568,0.0304001,0.0394694,0.0484895,0.0554476,0.064718,0.0742118,0.0805204,0.0789564,0.0870364,0.0844112,0.0913688,0.0933886,0.0956188,0.0902299,0.09267,0.0911013,0.082879,0.0749978,0.0629867,0.0545231,0.0482416,0.0405412,0.0480213,0.0479901,0.0479797,0.0428361,0.0481675,0.0535488,0.0478157,0.0421152,0.0334138,0.0321529,0.0311558,0.0247013,0.0246232,0.0203227,0.0175464,0.019992,0.0161982,0.0167122,0.0228906,0.0218045,0.0253123,0.0305204,0.0347666,0.0370133,0.0360025,0.0360472,0.0350849,0.0403806,0.0398628,0.0405964,0.0428824,0.0408084,0.038086,0.038769,0.0402474,0.0439811,0.0468882,0.0466791,0.0399455,0.039519,0.038315,0.0436673,0.0451869,0.0435253,0.0477118,0.0434963,0.0463693,0.0486114,0.0569098,0.0630596,0.0705227,0.0817045,0.0887299,0.0870001,0.0880221,0.0807569,0.0751089,0.0621956,0.0520473,0.0440332,0.0368965,0.0336142,0.0458303,0.0491893,0.049768,0.0464199,0.0460765,0.0499217,0.0463802,0.0491649,0.048414,0.0521799,0.0492559,0.0499193];
time = 48.2s
thresh = 0.1
set_speed = 0.2
