rmse_vel = {[2.98851,2.98851,2.83579,2.71281,2.63983,2.56885,2.50061,2.42762,2.35943,2.28626,2.21613,2.14305,2.06906,1.99303,1.923,1.84804,1.77415,1.69719,1.62647,1.55278,1.48393,1.41154,1.34183,1.26994,1.20291,1.14042,1.07164,1.00913,0.940505,0.87418,0.799853,0.732744,0.660556,0.592202,0.520226,0.451643],[0.275826],[0.161562],[0.228767],[0.378447],[0.5182,0.472266],[0.547721,0.473033],[0.535313,0.464633],[0.522476,0.442803],[0.508257,0.418534],[0.478756],[0.53129,0.450292],[0.498886],[0.556476,0.479462],[0.519806,0.431693],[0.491119],[0.541451,0.451749],[0.502619,0.414346],[0.470844],[0.522264,0.443577],[0.506978,0.430504],[0.487076],[0.544798,0.462361],[0.520124,0.436796],[0.490266],[0.547365,0.471463],[0.538285,0.455459],[0.512094,0.427926],[0.485932],[0.548541,0.465568],[0.533282,0.460192],[0.520017,0.445127],[0.507495,0.437289],[0.494271],[0.55791,0.481773],[0.541731,0.457794],[0.51446,0.438026],[0.499224],[0.562458,0.483755],[0.54809,0.4602],[0.524128,0.440117],[0.497872],[0.561949,0.475952],[0.536766,0.450346],[0.506594,0.423311],[0.482407],[0.535473,0.462778],[0.51848,0.433733],[0.484944],[0.539897]};
time = 23.2s
size =  50
thresh = 0.5
set_speed = 0.4
