thresh = 0.2m
rmse_pos = {[2.5653,2.5653,2.43237,2.29832,2.12945,1.92806,1.72109,1.51434,1.31065,1.10926,0.919718,0.761668,0.649705,0.562542,0.499141,0.449351,0.402281,0.353132,0.309182,0.264369,0.227826,0.195718],[0.155289],[0.248901,0.25233,0.247239,0.234458,0.227252,0.214682,0.216972,0.213098,0.220001,0.22003,0.218958,0.214122,0.210055,0.206802,0.198667],[0.220345,0.209102,0.196905],[0.264329,0.248394,0.220529,0.206685,0.186469],[0.256036,0.217045,0.188824],[0.267999,0.228422,0.198811],[0.281576,0.239277,0.195494],[0.271678,0.225499,0.18005],[0.274094,0.226655,0.178985],[0.261513,0.215574,0.164582],[0.250116,0.203488,0.154143],[0.247724,0.207098,0.163642],[0.251782,0.20674,0.162407],[0.252834,0.201801,0.150207],[0.24047,0.190738],[0.281245,0.226353,0.172338],[0.252602,0.200479,0.144458],[0.223309,0.180601],[0.26201,0.216684,0.173152],[0.245574,0.196505],[0.280323,0.234925,0.187979],[0.268036,0.225736,0.186684],[0.258833,0.224769,0.188606],[0.266382,0.22003,0.183128],[0.250699,0.216603,0.177788],[0.254179,0.218576,0.177884],[0.260452,0.223733,0.178644],[0.265173,0.225093,0.192576],[0.274055,0.23272,0.187855],[0.266724,0.22613,0.189254],[0.266647,0.226734,0.182698],[0.264111,0.216782,0.183361],[0.258911,0.217326,0.17195],[0.252778,0.205338,0.166586],[0.242664,0.200035,0.162118],[0.24304,0.201325,0.163045],[0.244803,0.204041,0.159334],[0.239862,0.200178,0.163548],[0.244103,0.205012,0.175155],[0.253518,0.220323,0.178488],[0.251211,0.223512,0.186241],[0.255587,0.214626,0.183956],[0.25685,0.202659,0.156824],[0.232268,0.18398],[0.263695,0.220046,0.177552],[0.250278,0.207464,0.159604],[0.238676,0.1953],[0.288991,0.237454,0.20019,0.155869],[0.236297]};
time = 34.8s
size =  50
thresh = 0.2
