xte_carrot = [2.43171,2.43171,2.40613,2.32122,2.2236,2.1237,2.02756,1.93412,1.8435,1.75288,1.65551,1.56653,1.47838,1.3862,1.29722,1.20668,1.11697,1.02645,0.935139,0.850034,0.759647,0.677818,0.594572,0.514587,0.428993,0.351118,0.274774,0.190374,0.110227,0.0333773,0.0350703,0.0939136,0.127536,0.134818,0.109338,0.0701934,0.0460471,0.060297,0.0851551,0.0902722,0.0929205,0.104896,0.110522,0.106475,0.0927465,0.0772298,0.0405373,0.045941,0.0914822,0.153164,0.230564,0.305983,0.393876,0.468999,0.54147,0.617259,0.69636,0.761994,0.822929,0.89634,0.962977,1.03807,1.1218,1.21284,1.30467,1.40467,1.49196,1.57192,1.63361,1.6913,1.75332,1.83306,1.91998,2.00737,2.10278,2.19332,2.26805,2.3412,2.41058,2.47483,2.5533,2.64514,2.73316,2.82773,2.91168,2.98348,3.05044,3.11576,3.17763,3.24392,3.30992,3.38915,3.47371,3.55833,3.63871,3.72469,3.80064,3.87831,3.95481,4.03324,4.12441,4.21431,4.29637,4.36828,4.43403,4.49117,4.5505,4.60634,4.67895,4.76334,4.83937,4.91793,4.98697,5.04487,5.09976,5.14896,5.22087,5.29636,5.3674,5.44852];
time = 24.6s
set_speed = 0.5
