xte_carrot = [0.0439785,0.0422379,0.0368984,0.0503849,0.0657904,0.0840991,0.0964121,0.106488,0.106432,0.103958,0.0976732,0.0760678,0.065861,0.0468504,0.0401395,0.0494577,0.0481441,0.0436637,0.0391981,0.0449152,0.0463693,0.0494278,0.0462421,0.03432,0.0336682,0.0281475,0.0261121,0.0281351,0.0271873,0.0324868,0.0345026,0.0489102,0.0464789,0.0551795,0.0563739,0.061679,0.0608641,0.0635222,0.0589399,0.0634871,0.0598065,0.067726,0.0785863,0.0827604,0.0981231,0.103723,0.106369,0.111667,0.103822,0.106363,0.103899,0.0974238,0.0861002,0.0863088,0.0716406,0.0621135,0.0681566,0.0632367,0.0609763,0.0557069,0.0562221,0.056846,0.0682322,0.0665376,0.0651493,0.0666709,0.0710553,0.0729273,0.06443,0.0662682,0.0668001,0.0655005,0.0637711,0.056374,0.0474399,0.0415225,0.0290382,0.0196355,0.0144288,0.00478897,0.00402323,0.00800151,0.0203352,0.0275514,0.0372592,0.0333612,0.0324417,0.0314949,0.0221068,0.0249425,0.0264478,0.0274684,0.0334477,0.030755,0.0341376,0.0302642,0.0350636,0.0390045,0.0477404,0.0497425,0.051426,0.0524616,0.0580103,0.050002,0.0497559,0.0511874,0.0472197,0.0454038];
time = 34.2s
set_speed = 0.3
