xte_vel = [0.0433486,0.01592,0.0306816,0.0470055,0.0576246,0.0710266,0.0891851,0.11679,0.138311,0.157836,0.168925,0.169655,0.17594,0.16859,0.146589,0.132388,0.110548,0.0886215,0.0756338,0.0592338,0.0630088,0.056886,0.0611137,0.0722936,0.0956495,0.108464,0.135979,0.152946,0.17456,0.179212,0.177823,0.1734,0.170498,0.148782,0.138525,0.122699,0.115298,0.108558,0.116539,0.108395,0.116694,0.118154,0.12643,0.130606,0.143175,0.140869,0.150434,0.145267,0.146534,0.137745,0.126052,0.123995,0.119591,0.104558,0.112856,0.107641,0.111893,0.123856,0.130171,0.135239,0.131287,0.133162,0.137123,0.131116,0.126778,0.117946,0.109387,0.1018610.0809813,0.0784219,0.0883169,0.0967282,0.101922,0.11056,0.111706,0.123428,0.126289,0.14134,0.142172,0.155229,0.163423,0.166262,0.157347,0.149286,0.151919,0.139075,0.135199,0.136691,0.131474,0.129864,0.115604,0.121693,0.116423,0.131383,0.133837,0.134153,0.129004,0.139758,0.140927,0.149624,0.142713,0.156971,0.146336,0.151878,0.143228,0.148903,0.138307,0.130497,0.121192,0.105874,0.103594,0.0947523,0.0925131,0.0786625,0.0943294,0.0892519,0.103701,0.10456,0.115963,0.126929,0.139653,0.145987,0.161793,0.18396,0.183652,0.185515,0.180676,0.163685,0.146831,0.134657,0.11002,0.1001990.0872888,0.0990441,0.0997192,0.103814,0.115136,0.126837,0.133021,0.137528,0.137124,0.128988,0.131471,0.124106,0.113626,0.111326,0.107858,0.110818,0.113047,0.116403,0.116847,0.126912,0.133589,0.140824,0.150286,0.147069,0.155438,0.152904,0.155304,0.14501,0.143066,0.134674,0.136416,0.121167,0.122651,0.117424,0.114187,0.101334,0.106534,0.103646,0.100464,0.107295,0.108765,0.105483,0.102835,0.10588,0.0948775,0.0873855,0.0834474,0.0810201,0.061079,0.0655515,0.057279,0.0705398,0.0706736,0.0809769,0.10376,0.12462,0.139873,0.151813,0.153442,0.153508,0.149818,0.140901,0.119705,0.109192,0.0941835,0.0744518,0.0642792];
time = 48.4s
thresh = 0.3
set_speed = 0.5
,