dist_err_vel = {[3.1821,3.1821,3.1661,3.0921,3.00209,2.90909,2.81909,2.72804,2.63605,2.54605,2.45807,2.37314,2.28915,2.20426,2.1194,2.03758,1.95661,1.87285,1.78518,1.70054,1.61896,1.53947,1.46061,1.38524,1.30714,1.22707,1.14717,1.06494,0.983517,0.903192,0.822536,0.741591,0.660906,0.578141,0.500087,0.419911,0.339619],[0.312528],[0.352318],[0.440164,0.410549,0.387731],[0.46875,0.416647,0.368162],[0.446613,0.383],[0.462289,0.400805,0.35254],[0.417477,0.366593],[0.427497,0.365539],[0.425804,0.357992],[0.417806,0.344661],[0.401814,0.328967],[0.374503],[0.41801,0.330476],[0.371656],[0.416886,0.339648],[0.385388],[0.428176,0.347954],[0.389612],[0.440518,0.356356],[0.399491],[0.447118,0.373822],[0.412283,0.341752],[0.377542],[0.428334,0.345332],[0.390482],[0.425501,0.34566],[0.394631],[0.430679,0.339633],[0.387499],[0.413838,0.328138],[0.372459],[0.421052,0.340679],[0.386965],[0.430217,0.345315],[0.382801],[0.417625,0.335773],[0.382409],[0.424177,0.341605],[0.380144],[0.418522,0.333638],[0.380641],[0.426933,0.341057],[0.385875],[0.430694,0.353758],[0.397953],[0.441314,0.353251],[0.382903],[0.41815,0.330085],[0.371906]};
time = 23.2s
size =  50
thresh = 0.4
set_speed = 0.4
