dist_err_vel = {[3.24736,3.24736,3.23242,3.18042,3.12568,3.06912,3.00655,2.94205,2.8781,2.8137,2.74898,2.68772,2.62706,2.57095,2.51238,2.45843,2.39959,2.33716,2.27578,2.21794,2.1599,2.10669,2.0518,2.00011,1.94507,1.8914,1.83584,1.77932,1.72778,1.6723,1.61613,1.5617,1.50928,1.46185,1.41248,1.36528,1.31499,1.26587,1.21894,1.164,1.11601,1.06315,1.01283,0.961037,0.914235,0.863597,0.816991,0.766377,0.718734,0.670309,0.623417,0.575273,0.534206,0.493411,0.447191,0.401253,0.349349,0.299803],[0.31845,0.289802],[0.364318,0.333997,0.316818,0.294566],[0.391451,0.360453,0.318252,0.278266],[0.358188,0.319543,0.27783],[0.352587,0.300532,0.256137],[0.326251,0.286125],[0.355342,0.304905,0.240609],[0.309717,0.252998],[0.317442,0.248571],[0.312906,0.241472],[0.302733,0.237908],[0.295665],[0.343016,0.280174],[0.330375,0.273431],[0.324099,0.262749],[0.30742,0.248219],[0.304073,0.23465],[0.2823],[0.339547,0.261654],[0.316715,0.232279],[0.285545],[0.325675,0.26172],[0.285667],[0.347115,0.261048],[0.312213,0.231421],[0.27473],[0.307497,0.242298],[0.290583],[0.334959,0.257324],[0.309822,0.235189],[0.285043],[0.322813,0.247107],[0.288001],[0.337674,0.258783],[0.306537,0.223896],[0.254996],[0.303359,0.229279],[0.267486],[0.304984,0.221412],[0.265498],[0.302404,0.21755],[0.26262],[0.31486,0.246924],[0.286355],[0.33761,0.278838],[0.327585,0.267594],[0.310018,0.261662],[0.304975,0.255177],[0.296186]};
time = 29.6s
size =  50
thresh = 0.3
set_speed = 0.3
