dist_err_vel = {[2.97302,2.97302,2.95902,2.90004,2.84004,2.76711,2.68911,2.61816,2.55635,2.48036,2.41237,2.34748,2.2838,2.21898,2.16045,2.09071,2.02836,1.97271,1.91212,1.84504,1.78312,1.72077,1.65862,1.5994,1.5387,1.47682,1.41958,1.35495,1.27922,1.21401,1.15765,1.09642,1.03026,0.971265,0.919058,0.854685,0.793489,0.730129,0.673159,0.615889,0.551955,0.492954,0.438431,0.377455],[0.293579],[0.261102],[0.282722],[0.356932],[0.427582,0.417537,0.404088,0.37291],[0.426072,0.393858],[0.445068,0.413428,0.376964],[0.432317,0.395598],[0.455747,0.410213,0.369404],[0.419174,0.380005],[0.425727,0.388928],[0.437872,0.383937],[0.416609,0.36065],[0.380232],[0.400902,0.336004],[0.358294],[0.354273],[0.353109],[0.355335],[0.377632],[0.399981],[0.426934,0.379181],[0.449929,0.420208,0.391104],[0.471668,0.445026,0.412073,0.375141],[0.462043,0.432502,0.405832,0.368976],[0.448293,0.404064,0.371033],[0.431238,0.388274],[0.437298,0.394839],[0.446854,0.397592],[0.447063,0.406867,0.369114],[0.424081,0.397888],[0.452309,0.424665,0.396504],[0.451286,0.422038,0.392956],[0.44352,0.411332,0.379236],[0.435401,0.39186],[0.447434,0.427855,0.384],[0.435006,0.397609],[0.444098,0.400905,0.357563],[0.411553,0.374425],[0.417597,0.380625],[0.425667,0.375619],[0.429595,0.380072],[0.423616,0.380601],[0.425367,0.369227],[0.415336,0.356695],[0.418327,0.358136],[0.410849,0.359704],[0.423277,0.370837],[0.441171]};
time = 29s
size =  50
thresh = 0.4
set_speed = 0.3
