xte_carrot = [2.67828,2.5803,2.47632,2.37447,2.2715,2.16552,2.06673,1.96277,1.85881,1.75486,1.65192,1.54598,1.43905,1.33214,1.22656,1.1217,0.0589439,0.11294,0.15637,0.161106,0.115569,0.0516512,0.0495216,0.0977288,0.123035,0.131553,0.146104,0.164821,0.173748,0.156995,0.122815,0.0777828,0.0642077,0.0860003,0.0960211,0.0858243,0.0791783,0.0782025,0.0742393,0.0566558,0.0462708,0.0848403,0.138211,0.168154,0.167119,0.151979,0.110117,0.0807171,0.059914,0.0470011,0.052095,0.065093,0.0943322,0.105885,0.0791712,0.0253559,0.0382648,0.0880898,0.133997,0.167783,0.173386,0.172879,0.161681,0.140411,0.103755,0.0572001,0.0041302,0.0436738,0.0814139,0.0921599,0.0821701,0.0620063,0.0354,0.0417476,0.0808,0.124898,0.173584,0.203508,0.211896,0.193766,0.165682,0.129781,0.0862232,0.0404533,0.0358263,0.0629437,0.0972402,0.113503,0.101205,0.0698557,0.0207343,0.043195,0.110485,0.180515,0.222867,0.247507,0.244694,0.230338,0.20646,0.172301,0.114265,0.0591803,0.01303,0.0482559,0.0828465,0.10568,0.110434,0.0865797,0.0479049,0.0178036,0.0784066,0.141666];
time = 26.8s
set_speed = 0.5
