xte_vel = [0.0582127,0.0501351,0.0392991,0.0247102,0.00801004,0.0143551,0.0386507,0.0543896,0.0795549,0.0963052,0.112759,0.119587,0.134175,0.13462,0.139283,0.137099,0.13466,0.110149,0.102022,0.0885961,0.0701465,0.0679442,0.0599822,0.0493748,0.0543906,0.0577991,0.0686267,0.0831445,0.0965312,0.105624,0.11622,0.121873,0.122352,0.121902,0.11141,0.107832,0.103172,0.0911485,0.0849177,0.076767,0.0787683,0.0764079,0.072864,0.0836084,0.0921151,0.102926,0.0997521,0.103887,0.105172,0.113201,0.114471,0.113969,0.116571,0.108497,0.104893,0.0969517,0.0951694,0.0897635,0.083201,0.0778368,0.0659747,0.0622883,0.0661632,0.0647928,0.0731068,0.074995,0.0825894,0.0769344,0.0843897,0.0912116,0.0938087,0.098891,0.0997209,0.103495,0.103491,0.107074,0.105692,0.113084,0.111555,0.112408,0.111742,0.1145750.0972161,0.0996882,0.0968366,0.0962105,0.105951,0.109095,0.113666,0.126898,0.13922,0.148199,0.153455,0.164531,0.165503,0.170441,0.164599,0.159895,0.151977,0.148235,0.140786,0.13641,0.127425,0.123068,0.114232,0.111806,0.102254,0.0994331,0.0978971,0.0913582,0.0923551,0.0819832,0.0886148,0.0923225,0.0920416,0.095053,0.099106,0.0875953,0.0833644,0.0782725,0.0754639,0.0704109,0.0704444,0.0680946,0.0617288,0.0614963,0.0599129,0.0658437,0.0640179,0.0612436,0.065847,0.0638064,0.0739683,0.076326,0.0755329,0.073305,0.0805856,0.0829788,0.086244,0.0928393,0.094942,0.102989,0.108595,0.118838,0.118858,0.125107,0.136651,0.133855,0.142317,0.142675,0.144797,0.135532,0.129973,0.118023,0.115331,0.112365,0.115406,0.123135,0.1231570.149794,0.144272,0.146872,0.149614,0.150735,0.156953,0.161101,0.159677,0.153918,0.157232,0.157272,0.146413,0.140137,0.130735,0.118166,0.117838,0.102036,0.104679,0.102896,0.0971283,0.0947706,0.0950428,0.103792,0.105401,0.115362,0.11962,0.129426,0.134895,0.131917,0.138987,0.137958,0.142717,0.142943,0.136409,0.131251,0.128373,0.122999,0.121876,0.115928,0.111746,0.110069,0.103755,0.0962672,0.105344,0.101524,0.110371,0.104309,0.104314,0.10637,0.102576,0.107218,0.108953,0.11872,0.11805,0.119317,0.117436,0.119021,0.118091,0.116207,0.11549,0.101833,0.100382,0.0853672,0.0798042,0.0770605,0.0737125,0.0761236,0.0841523,0.101103,0.113081,0.11983,0.147378,0.159607,0.16843,0.173034,0.16182,0.159369,0.145508,0.130015,0.106239];
time = 56.6s
thresh = 0.3
set_speed = 0.4
,,