xte_carrot = [2.03759,2.03759,1.93951,1.83273,1.67517,1.52429,1.3693,1.21318,1.06639,0.902167,0.757282,0.576553,0.417926,0.227051,1.71719,1.82075,1.72881,1.48259,1.05753,0.540462,0.174626,0.814547,1.5517,2.20913,2.82462,3.19879,3.34315,3.23834,2.9587,2.49183,1.93551,1.31061,0.775326,0.828555,1.4997,2.32793,3.00552,3.4217,3.52588,3.3834,3.06183,2.62301,2.16756,1.81898,1.7246,2.02576,2.67526,3.46592,4.1165,4.50543,4.59731,4.45443,4.13955,3.74141,3.316,2.95581,2.7237,2.72617,3.00966,3.58064,4.29462,4.86502,5.20282,5.27345,5.15579,4.89352,4.5674,4.23635,3.94853,3.76759,3.75084,3.93595,4.3274,4.89692,5.35619,5.59574,5.61022,5.45716,5.20257,4.92668,4.66956,4.51795,4.52017,4.68609,5.05865,5.60187,6.11038,6.39287,6.46618,6.36674,6.1605,5.8902,5.61754,5.38174,5.23755,5.20141,5.31469,5.64826,6.1534];
time = 20.6s
set_speed = 5
