xte_pos = [0.242145,0.242145,0.195379,0.152653,0.1079,0.100105,0.139295,0.213916,0.285498,0.363372,0.444424,0.528125,0.426479,0.405489,0.415899,0.400697,0.390079,0.381156,0.383337,0.360444,0.363031,0.348241,0.360684,0.353158,0.372198,0.372757,0.383146,0.373433,0.38164,0.279538,0.163325,0.0639699,0.0584528,0.186625,0.243895,0.180139,0.116306,0.0489642,0.046518,0.0988174,0.145672,0.177311,0.186439,0.175312,0.152612,0.130608,0.0995237,0.0612611,0.0391786,0.0631128,0.107498,0.172226,0.223042,0.285408,0.296718,0.242997,0.181308,0.12085,0.0797367,0.0494223,0.0387721,0.0334601,0.0386383,0.047482,0.0587786,0.0799187,0.0991523,0.124706,0.141895,0.162402,0.170738,0.17944,0.17967,0.183966,0.170322,0.170248,0.162021,0.157749,0.140437,0.124152,0.100195,0.0852165,0.0816883,0.0634735,0.0530029,0.0495037];
time = 20.2s
thresh = 0.5
