dist_err_pos = {[,,,,,,,,,,,,,,,],[0.347174],[0.31484],[0.37508],[0.471357],[0.56767,0.521757,0.458255],[0.505371,0.436892],[0.475014],[0.527482,0.444174],[0.489509],[0.537018,0.444952],[0.485967],[0.526001,0.433238],[0.474514],[0.507369,0.406588],[0.447971],[0.505839,0.410087],[0.458848],[0.511134,0.412304],[0.460502],[0.51119,0.426135],[0.471304],[0.524096,0.433791],[0.480153],[0.535882,0.436077],[0.483683],[0.52798,0.43029],[0.46911],[0.524469,0.421801],[0.461186],[0.516574,0.42422],[0.469285],[0.518364,0.423425],[0.474631],[0.536308,0.439135],[0.486006],[0.5377,0.440945],[0.485508],[0.54062,0.445066],[0.49148],[0.546661,0.449955],[0.493528],[0.54823,0.452199],[0.499932],[0.543727,0.449526],[0.501835,0.414478],[0.46257],[0.520288,0.42802],[0.480337],[0.528954,,,,,,,,,,,,,,,,,,,,,,,,,,,,,,,,,],[0.37859],[0.288765],[0.239088],[0.27191],[0.341961],[0.435214],[0.52821,0.45956],[0.536411,0.466216],[0.53425,0.460769],[0.525888,0.443242],[0.505866,0.432408],[0.49034],[0.556499,0.473813],[0.523367,0.434257],[0.491891],[0.555394,0.46677],[0.512027,0.433539],[0.482176],[0.539635,0.454061],[0.507127,0.424304],[0.478247],[0.535244,0.447607],[0.501189,0.416052],[0.464334],[0.517601,0.438836],[0.486631],[0.542702,0.452129],[0.50049,0.412499],[0.457273],[0.513746,0.423783],[0.477684],[0.531644,0.444145],[0.483316],[0.533695,0.443422],[0.486522],[0.532683,0.446289],[0.496734],[0.541136,0.447018],[0.487496],[0.531481,0.444212],[0.485665],[0.531411,0.435209],[0.474],[0.51897,0.425361],[0.471354],[0.516034,0.419192],[0.456334],[0.505028,0.402851],[0.442948,,,,,,,,,,,,,,,,,,,,,,,,,,,,,,,,,,,],[0.340531],[0.223217],[0.170479],[0.228313],[0.335018],[0.435511],[0.533712,0.476466],[0.546688,0.468719],[0.526466,0.447522],[0.501491,0.415004],[0.472652],[0.523945,0.440066],[0.4824],[0.539792,0.448774],[0.482434],[0.525903,0.425092],[0.465925],[0.505669,0.413092],[0.447046],[0.484211],[0.524519,0.42517],[0.462654],[0.508527,0.41216],[0.463748],[0.516833,0.42661],[0.477007],[0.525367,0.43691],[0.483678],[0.533292,0.446762],[0.491431],[0.539546,0.445837],[0.492456],[0.536341,0.451469],[0.493186],[0.536963,0.445821],[0.48783],[0.532357,0.44141],[0.475198],[0.517565,0.424154],[0.460743],[0.504904,0.406834],[0.460693],[0.504494,0.410961],[0.464847],[0.517766,0.419942],[0.476457],[0.533582,0.442729],[0.491554],[0.537747]};
time = 60.8s
size =  50
thresh = 0.5
],[,,,,,,,,,,,,,,,,,,,,,,,,,,,,