rmse_pos = {[1.79953,1.79953,1.80016,1.79953,1.79763,1.797,1.79574,1.80119,1.78968,1.78905,1.78905,1.78905,1.79452,1.79326,1.79264,1.79201,1.78527,1.7094,1.70272,1.70331,1.70272,1.70156,1.70416,1.70184,1.70242,1.70184,1.70768,1.73734,1.73677,1.7362,1.73505,1.7339,1.73219,1.73428,1.73202,1.73473,1.73304,1.72432,1.70611,1.68256,1.64454,1.55152,1.39979,1.2174,1.30556,1.36678,1.61856,1.73232,1.94879,2.0066,1.94187,1.76751,1.6063,1.38159,1.31391,1.18952,1.34147,1.68868,1.81136,2.20793,2.77007,2.96171,3.42947,3.531,4.067,4.14501,11.3619,12.4637,13.1673,13.642,13.8767,13.9567,13.9756,13.729,13.1509,12.1469,10.9342,9.50173,8.02182,6.51562,5.09867,3.80142,2.61679,1.61235,0.760293,0.2901],[0.789941,1.21888,1.63104,1.88681,2.16296,2.30673,2.46838,2.48616,2.53574,2.46805,2.43094,2.30987,2.21871,2.05677,1.93357,1.76994,1.62329,1.45334,1.3162,1.17179,1.04526,0.920298,0.821792,0.711011,0.634978,0.558597,0.4975],[0.370981],[0.326981],[0.36234],[0.448542],[0.540391,0.503433,0.461412],[0.508179,0.460535],[0.498704],[0.538011,0.465609],[0.502536,0.433907],[0.4608],[0.488478],[0.51891,0.432551],[0.454243],[0.484675],[0.511497,0.412895],[0.431095],[0.466718],[0.492733],[0.524447,0.408815],[0.431396],[0.455591],[0.489343],[0.519198,0.412877],[0.425488],[0.446517],[0.487015],[0.505438,0.40248],[0.427025],[0.469785],[0.508297,0.411711],[0.436184],[0.478796],[0.504999,0.40831],[0.43231],[0.468231],[0.504904,0.400343],[0.428185],[0.472297],[0.508948,0.402514],[0.439173],[0.482641],[0.51469,0.417174],[0.455526],[0.486797],[0.526638,0.425812],[0.475196],[0.510726,0.403456],[0.447898]};
time = 35.4s
size =  50
thresh = 0.5
