xte_carrot = [0.0448879,0.0345228,0.00894326,0.00983422,0.0182963,0.0241465,0.0291077,0.0280574,0.0292024,0.0336065,0.0392965,0.029106,0.0283555,0.0168553,0.0121832,0.0241308,0.0324582,0.0355974,0.0549764,0.0463061,0.0481147,0.034596,0.0215131,0.0107463,0.0141763,0.036387,0.0540209,0.0711812,0.0693929,0.0708589,0.0500832,0.0458396,0.0190746,0.00949096,0.0195273,0.0390177,0.0451203,0.0581325,0.0468839,0.0501564,0.035343,0.0253488,0.0249029,0.0325719,0.0510752,0.0681038,0.0782873,0.0739653,0.0804424,0.0695268,0.0539104,0.0378394,0.026642,0.0305819,0.0416221,0.0465974,0.0384159,0.0361558,0.0284439,0.036657,0.0505419,0.0746633,0.0920324,0.106429,0.115567,0.119355,0.116918,0.105589,0.0904739,0.0729366,0.0698824,0.0503477,0.0488334,0.0347513,0.0358779,0.0418523,0.0369676,0.0348701,0.028353,0.0391021,0.0422696,0.0590011,0.0610829,0.0742846,0.0809638,0.0794434,0.067,0.0723921,0.0665131,0.0614892,0.0565263,0.0583618,0.046533,0.0435596,0.0470843,0.0404944,0.0407293,0.0355975,0.0362065,0.0366021,0.0424605,0.0468507,0.0491037,0.0474047,0.0461135,0.0461939,0.0383471,0.0397771,0.0354668,0.0359848,0.0338929,0.03493,0.032538,0.034246,0.0348881,0.0310699,0.0330523,0.0303555,0.0310991,0.0311574,0.0311192,0.0251549,0.0326749,0.0288432,0.0315357,0.0325673,0.0329655];
time = 35.8s
set_speed = 0.3
