dist_err_vel = {[,,,,,,,,,,,,,,,,,,,,,,,,,,,,,],[0.160976],[0.224249],[0.407892,0.420205,0.361371],[0.4239,0.335466],[0.387771],[0.45028,0.354726],[0.398154],[0.44547,0.342956],[0.383556],[0.416545,0.312129],[0.348538],[0.37846],[0.421086,0.319291],[0.352044],[0.390776],[0.422007,0.315119],[0.348512],[0.386364],[0.424854,0.320405],[0.352828],[0.385271],[0.42186,0.313293],[0.350123],[0.38708],[0.425213,0.322749],[0.361524],[0.40137,0.289397],[0.331402],[0.366116],[0.396113],[0.434849,0.331273],[0.369576],[0.408974,0.296159],[0.337196],[0.372597],[0.411471,0.301907],[0.341326],[0.377098],[0.410958,0.301086],[0.333102],[0.363486],[0.395457],[0.422584,0.316181],[0.347633],[0.386436],[0.419664,0.318377],[0.350036],[0.378661],[0.411403,,,,,,,,,,,,,,,,,,,,,,,,,,,,,,,,,,,,,,,,,,,,,,,,,,,,,,,,,,,,,,,,,,,,,,,],[0.142842],[0.113499],[0.349143],[0.562293,0.561826,0.543492,0.513792,0.469504,0.411366,0.346889],[0.402462,0.321777],[0.366295],[0.414543,0.320096],[0.35672],[0.396661],[0.439269,0.339533],[0.372515],[0.40823,0.313332],[0.344862],[0.380749],[0.419409,0.312335],[0.350735],[0.391242],[0.431227,0.32972],[0.368478],[0.407364,0.31259],[0.355854],[0.396658],[0.435254,0.342559],[0.385828],[0.430067,0.331282],[0.379306],[0.418781,0.318758],[0.365494],[0.41295,0.31635],[0.355149],[0.389335],[0.432437,0.334739],[0.382869],[0.429755,0.32956],[0.375132],[0.422031,0.325282],[0.360027],[0.399628],[0.437459,0.337166],[0.381311],[0.420978,0.324648],[0.364694],[0.400084,0.305949],[0.350099],[0.393266],[0.434824,0.341376],[0.381522],[0.422643,0.323045],[0.373512,,,,,,,,,,,,,,,,,,,,,,,,,,,,,,,,,,,,,,,,,,,,,,,,,,,,,,,,,,,,,,,,,,,,,],[0.128972],[0.138931],[0.363205],[0.572402,0.594625,0.603698,0.587547,0.559951,0.508131,0.452332,0.383774],[0.43421,0.363186],[0.416415,0.322104],[0.372571],[0.411534,0.309845],[0.34462],[0.375913],[0.409767,0.303321],[0.341065],[0.380438],[0.422266,0.319992],[0.362825],[0.407512,0.313815],[0.360981],[0.408819,0.311547],[0.351804],[0.397437],[0.442579,0.347518],[0.392545],[0.442013,0.347701],[0.39433],[0.448427,0.354888],[0.402289,0.305372],[0.345383],[0.385875],[0.42928,0.338998],[0.389282],[0.438507,0.354884],[0.398868],[0.449033,0.353167],[0.404367,0.308988],[0.363698],[0.41184,0.317056],[0.364117],[0.411181,0.317597],[0.359139],[0.411556,0.321152],[0.375882],[0.426254,0.329507],[0.372748],[0.420163,0.320297],[0.367583],[0.411771,0.320496],[0.361346],[0.407293,0.309066],[0.35665]};
time = 78s
size =  50
thresh = 0.4
set_speed = 0.5
],[,,,,,,,,,,,,,,,,,,,,,,,,,,,,