thresh = 0.2m
speed = 1m/s
rmse_vel = {[6.26247,6.26247,6.22973,6.21244,6.23415,6.26007,6.28858,6.31736,6.34162,6.36606,6.38528,6.41151,6.43943,6.45486,6.47776,6.49524,6.52007,6.53837,6.564,6.57054,6.57861,6.58515,6.59323,6.59977,6.61335,6.62041,6.63426,6.64235,6.64391,6.65829,6.66718,6.66982,6.67061,6.67849,6.67302,6.67546,6.67819,6.67872,6.68095,6.67605,6.684,6.67938,6.68708,6.68886,6.69039,6.69329,6.68952,6.69272,6.69379,6.69649,6.69922,6.68882,6.69078,6.68069,6.67647,6.67198,6.66696,6.65665,6.64663,6.64217,6.63246,6.62249,6.61227,6.60235,6.58476,6.57403,6.56881,6.55838,6.54825,6.53841,6.52804,6.51168,6.50022,6.49686,6.48658,6.4766,6.46664,6.45698,6.45245,6.44225,6.43688,