xte_carrot = [0.184638,0.194924,0.186854,0.177058,0.165328,0.13661,0.102262,0.0522876,0.0239783,0.0696011,0.0998935,0.0881637,0.0577544,0.0364293,0.065155,0.0979129,0.128078,0.175953,0.19653,0.202545,0.174865,0.137031,0.084317,0.0410048,0.0404946,0.0671293,0.0909728,0.0870697,0.0735247,0.0500511,0.0268563,0.0795494,0.138831,0.184236,0.208654,0.212491,0.208206,0.188098,0.164365,0.127328,0.0863807,0.0471077,0.0113592,0.0225153,0.0422895,0.040167,0.0143476,0.0504612,0.0931501,0.135631,0.165519,0.183786,0.189493,0.180116,0.156346,0.137347,0.102668,0.0705931,0.0439655,0.0284013,0.0413739,0.0448779,0.0464103,0.0293084,0.0315439,0.070978,0.12012,0.162465,0.167733,0.166887,0.146763,0.113297,0.080583,0.0393399,0.0131798,0.0629162,0.0927045,0.0999532,0.0847448,0.0439383,0.00542006,0.0662896,0.120723,0.16026,0.181902,0.189978,0.17227];
time = 41s
set_speed = 0.5
