thresh = 0.2m
rmse_pos = {[1.74566,1.74566,1.75545,1.76012,1.76256,1.76535,1.76628,1.76535,1.76139,1.76713,1.76497,1.76557,1.76351,1.76291,1.76472,1.76291,1.76593,1.75985,1.76533,1.76431,1.76045,1.76492,1.76672,1.76492,1.76612,1.76462,1.76642,1.77341,1.76982,1.77161,1.77448,1.77567,1.77329,1.77388,1.76673,1.76673,1.76377,1.76377,1.75664,1.75664,1.75428,1.75487,1.75192,1.75134,1.75201,1.75259,1.754,1.75226,1.74995,1.74937,1.74592,1.74534,1.74362,1.74305,1.74866,1.75169,1.74942,1.74829,1.7449,1.74209,1.7365,1.73205,1.72983,1.72818,1.72009,1.7168,1.71298,1.71614,1.71669,1.71398,1.71236,1.70275,1.70275,1.69952,1.70006,1.70968,1.69956,