xte_vel = [0.0902872,0.0710465,0.0453211,0.0215659,0.0229437,0.0388897,0.0596256,0.0917016,0.116763,0.154385,0.178687,0.19873,0.201163,0.205646,0.183772,0.162931,0.141622,0.112446,0.0928064,0.070469,0.0449387,0.0286119,0.0310844,0.0283809,0.0337126,0.0495312,0.0759279,0.101434,0.122987,0.139313,0.148493,0.155866,0.158483,0.154805,0.150151,0.142217,0.136576,0.129937,0.125882,0.126883,0.121683,0.118208,0.116367,0.110934,0.114763,0.110612,0.124614,0.13134,0.1374,0.139947,0.144808,0.148128,0.148577,0.147608,0.146538,0.141979,0.131988,0.127973,0.116993,0.114886,0.0978713,0.0970605,0.101786,0.110221,0.120661,0.125150.154477,0.163681,0.164274,0.163695,0.163012,0.159002,0.157355,0.153989,0.141442,0.139994,0.130725,0.131693,0.119271,0.118764,0.110444,0.108959,0.119168,0.114486,0.11699,0.119249,0.117835,0.111539,0.116753,0.115,0.110775,0.105311,0.0967335,0.0937164,0.0890619,0.0841203,0.0804907,0.0792122,0.0688114,0.0634834,0.063118,0.0590328,0.0632448,0.0707434,0.081548,0.105439,0.120432,0.137696,0.153167,0.156372,0.167345,0.162501,0.154564,0.149563,0.161658,0.147649,0.141153,0.135965,0.126447,0.113146,0.111574,0.104324,0.103851,0.0961889,0.100863,0.105555,0.102814,0.111785,0.114493,0.115799,0.12663,0.12887,0.131428,0.126767,0.1127450.0620559,0.0666442,0.0713461,0.0681247,0.0726817,0.0827717,0.0872981,0.0877109,0.088346,0.0904534,0.0983829,0.0993965,0.100561,0.0965381,0.10044,0.0903355,0.0935618,0.0956763,0.0984564,0.106529,0.114907,0.127317,0.143964,0.157084,0.162757,0.176127,0.179322,0.176617,0.181416,0.174644,0.167091,0.154271,0.14331,0.149668,0.140482,0.136623,0.137598,0.130747,0.129096,0.111675,0.114013,0.106864,0.100298,0.102901,0.102654,0.113582,0.126086,0.1345,0.14288,0.155246,0.152178,0.13657,0.126374,0.112033,0.105608,0.0950024,0.0805719,0.0701626,0.0724104,0.0807163,0.090342,0.108302,0.121784,0.130238,0.135827,0.138478];
time = 47.8s
thresh = 0.3
set_speed = 0.5
,