xte_carrot = [0.399881,0.345379,0.296164,0.242442,0.189475,0.135811,0.0909946,0.0419845,0.0120901,0.021832,0.044068,0.0543083,0.0598469,0.0557796,0.0478652,0.0536844,0.0682883,0.092202,0.11749,0.132956,0.132588,0.130983,0.118395,0.116343,0.113577,0.113351,0.108538,0.0979018,0.095758,0.0897249,0.078985,0.0766575,0.0833367,0.0760812,0.0695248,0.0728795,0.0629903,0.0460127,0.0217225,0.00938833,0.0505477,0.0844843,0.133947,0.1625,0.190558,0.208407,0.217662,0.216271,0.204391,0.192879,0.171011,0.148741,0.137497,0.115204,0.0930576,0.0602634,0.0291523,0.00974512,0.0382603,0.0690821,0.0974293,0.125546,0.115197,0.110362,0.0788016,0.047728,0.0128048,0.0538864,0.0971564,0.138752,0.16888,0.176666,0.16371,0.147161,0.134374,0.110782,0.0809585,0.0480106,0.0190661,0.0375359,0.0662466,0.0928874,0.107109,0.11035,0.0952976,0.0661371,0.0295517,0.0157196,0.0637238,0.109244,0.145029,0.165588,0.177732,0.164407,0.158234,0.143361,0.12269,0.0923072,0.057552,0.0362018,0.0217933,0.0415709,0.0601433,0.0769598,0.0914508,0.0992673,0.103456,0.101679,0.0982454,0.0748126,0.0563376,0.0271116,0.0171615,0.0328509,0.0515048,0.064876,0.0596958,0.0519223,0.0358486,0.0250441,0.0140562,0.0204443,0.0400507,0.0466304,0.0666543,0.0724082,0.0780315,0.0839465,0.0917472,0.105681,0.119973,0.146454,0.156735,0.190208,0.21738,0.232519,0.264023];
time = 35.4s
set_speed = 0.3
