rmse_vel = {[3.07814,3.07814,2.98352,2.85364,2.74511,2.65,2.55435,2.45674,2.35886,2.26133,2.16508,2.06759,1.96634,1.86556,1.76191,1.66046,1.55788,1.4587,1.36267,1.26743,1.17042,1.07402,0.980021,0.887484,0.799645,0.707473,0.624231,0.538956,0.454581,0.386329],[0.391543],[0.464048,0.444559,0.413765,0.359096],[0.423185,0.355057],[0.407838,0.326879],[0.376064],[0.419704,0.334422],[0.371937],[0.401439,0.299807],[0.333303],[0.364082],[0.39547],[0.439535,0.337785],[0.389605],[0.425922,0.333496],[0.38007],[0.430479,0.346548],[0.402632,0.315575],[0.37442],[0.42741,0.344994],[0.398126],[0.45888,0.371117],[0.426679,0.338303],[0.390286],[0.443168,0.367373],[0.418713,0.327454],[0.372713],[0.420594,0.337034],[0.384185],[0.440755,0.347921],[0.398714],[0.454664,0.364652],[0.419167,0.324362],[0.371115],[0.421064,0.327762],[0.37667],[0.424567,0.338535],[0.385114],[0.433599,0.343712],[0.3922],[0.442003,0.348474],[0.396406],[0.44378,0.351001],[0.390759],[0.427552,0.325445],[0.369346],[0.411535,0.312524],[0.355372],[0.397616],[0.446609]};
time = 21s
size =  50
thresh = 0.4
set_speed = 0.5
