dist_err_vel = {[2.9862,2.9862,2.97705,2.93881,2.89606,2.85198,2.804,2.75622,2.71518,2.67554,2.63652,2.59755,2.56057,2.52557,2.48859,2.44962,2.41167,2.37075,2.33285,2.29298,2.25414,2.21334,2.17856,2.13982,2.09613,2.05148,2.00986,1.96829,1.92529,1.88182,1.83849,1.79508,1.75433,1.71146,1.6686,1.62818,1.5889,1.54307,1.49904,1.46229,1.42464,1.38986,1.35432,1.31659,1.27723,1.2326,1.19046,1.14986,1.11128,1.07435,1.03475,0.996247,0.955104,0.917646,0.880236,0.845825,0.810484,0.781346,0.749424,0.718659,0.68358,0.657761,0.639139,0.613373,0.593886,0.577547,0.55006,0.527527,0.498927],[0.517554,0.4921],[0.559677,0.542647,0.536081,0.520154,0.516829,0.502607,0.49563],[0.583298,0.579556,0.57019,0.564725,0.557666,0.554425,0.538798,0.525674,0.517295,0.491949],[0.579285,0.545314,0.520981,0.493676],[0.564081,0.543443,0.515078,0.488215],[0.548901,0.512936,0.482159],[0.53515,0.499182],[0.541772,0.50733,0.467718],[0.515956,0.474461],[0.517999,0.482762],[0.529233,0.494274],[0.534871,0.496749],[0.546178,0.513776,0.468632],[0.513982,0.463055],[0.498829],[0.533156,0.489228],[0.52903,0.484623],[0.525092,0.473246],[0.521112,0.483141],[0.535074,0.489162],[0.550689,0.520061,0.485418],[0.552551,0.529837,0.508187,0.480343],[0.569556,0.56533,0.547412,0.532505,0.511135,0.492678],[0.562333,0.54961,0.531087,0.512852,0.48906],[0.546658,0.521528,0.503529,0.473568],[0.488242],[0.494794],[0.481116],[0.478888],[0.473826],[0.48215],[0.484849],[0.514173,0.488317],[0.529084,0.506965,0.48645],[0.529888,0.510259,0.489926],[0.53895,0.526257,0.499504],[0.55048,0.523621,0.501131,0.477286],[0.530302,0.4985],[0.555918,0.529687,0.506127,0.481974],[0.543704,0.512367,0.482651],[0.54339,0.511745,0.482452],[0.54481,0.508681,0.476969],[0.541833,0.508958,0.471822],[0.538313,0.506514,0.467897],[0.531301,0.492741],[0.555568,0.523855,0.484039],[0.535202,0.4822],[0.523715,0.484454],[0.51504]};
time = 40.4s
size =  50
thresh = 0.5
set_speed = 0.2
