xte_pos = [1.98477,1.98477,1.86507,1.75207,1.61649,1.45332,1.29671,1.13757,0.982444,0.835206,0.693591,0.572737,0.48419,0.416633,0.365745,0.323209,0.289855,0.267754,0.254992,0.250766,0.253338,0.259766,0.269987,0.277504,0.273604,0.268048,0.260515,0.256186,0.248752,0.238512,0.236237,0.227976,0.226,0.226224,0.219785,0.215592,0.212807,0.206637,0.213429,0.213851,0.20771,0.202056,0.193101,0.189181,0.185228,0.187233,0.184655,0.183143,0.178531,0.186833,0.1838,0.186602,0.182714,0.178776,0.170851,0.165024,0.153444,0.138997,0.139263,0.142105,0.138939,0.132745,0.125041,0.122628,0.126703,0.12053,0.115845,0.111455,0.103891,0.0999447,0.0980798,0.0994792,0.0973065,0.0968887,0.0943598,0.0969063,0.0915563,0.0876593,0.0787575,0.0779333,0.0723177,0.0744336,0.0782107,0.0748081,0.0754528,0.0753966,0.0715101,0.073097,0.0755605];
time = 17.6s
