xte_pos = [0.269512,0.249252,0.233014,0.225006,0.216,0.209155,0.20216,0.198005,0.191009,0.1845,0.174434,0.164533,0.159483,0.15638,0.148249,0.143027,0.142421,0.140496,0.144537,0.147523,0.145806,0.145879,0.139433,0.140449,0.133639,0.131711,0.127043,0.125845,0.123591,0.118552,0.114422,0.113003,0.111445,0.108002,0.105816,0.105549,0.107904,0.10929,0.112079,0.112662,0.107557,0.102458,0.0964699,0.0895071,0.0876163,0.0856773,0.0859475,0.0871494,0.0904144,0.0880755,0.0900798,0.0867422,0.0860424,0.0897327,0.0906019,0.0908809,0.0939507,0.0935367,0.0926899,0.0923811,0.0939258,0.0905146,0.0869982,0.088861,0.0934475,0.0973759,0.101492,0.101861,0.0981478,0.0950007,0.0947452,0.0941096,0.0926451,0.0926281,0.0902583,0.0883229,0.0829989,0.0785947,0.075343,0.0750303,0.0710951,0.0631975,0.06177430.0679013,0.0594833,0.0558073,0.0541331,0.0555841,0.0575121,0.0601662,0.059223,0.060109,0.0591372,0.0617587,0.0617303,0.0625701,0.0593209,0.0584542,0.0513179,0.053025,0.0532101,0.0591116,0.0672967,0.0608998,0.0697166,0.0614742,0.0623059,0.0580254,0.0544343,0.0550618,0.0607883,0.0635074,0.062417,0.0636293,0.0602838,0.0667748,0.0703841,0.0668179,0.0703968,0.0703268,0.0728658,0.0739441,0.0784902,0.0801793,0.0822305,0.0800202,0.080135,0.0812844,0.0840163,0.0891217,0.0920521,0.096471,0.0970026,0.0955629,0.0941537,0.096193,0.0991794,0.101047,0.105,0.108666,0.11201,0.113545,0.115744,0.117719,0.119515,0.120879,0.120007,0.122331,0.129053,0.134001,0.144058,0.149008,0.151349,0.151014,0.15303,0.15208,0.155077,0.156079,0.164129,0.166092,0.170052,0.1690180.188462,0.188126,0.184823,0.179713,0.17423,0.170984,0.167592,0.167438,0.166198,0.171945,0.170686,0.175113,0.182675,0.183363,0.183999,0.180627,0.175315,0.172436,0.166881,0.16723,0.166103,0.161632,0.15895,0.158937,0.154618,0.15773,0.155447,0.155445,0.1515,0.149746,0.150958,0.14578,0.139677,0.134226,0.134133,0.135137,0.138214,0.142085,0.142013,0.136127,0.13018,0.128172,0.125456,0.119582,0.116853,0.117628,0.116599,0.115187,0.111621,0.110926,0.109163,0.109683,0.106263,0.105337,0.0974186,0.0956158,0.0916954,0.0885124,0.0893202,0.0925933,0.0892117,0.0866881,0.0845358,0.0813359,0.0804127,0.0794108,0.0725778,0.0703203,0.0695692,0.072225,0.0700173,0.0712856,0.0690091,0.0692893,0.0574753,0.0550257,0.0548042,0.0569149,0.061785,0.0630609,0.0660129,0.0608816,0.0598922,0.0611779];
time = 55.8s
thresh = 0.5
,,,,,,,