xte_pos = [3.18773,2.68945,2.23384,1.84198,1.49455,1.19669,0.925951,0.714651,0.523472,0.360252,0.266768,0.205525,0.177805,0.162563,0.15685,0.159324,0.177457,0.198784,0.227616,0.253823,0.26867,0.26528,0.25305,0.236178,0.220023,0.204689,0.189933,0.17091,0.159635,0.147763,0.13942,0.130582,0.1259,0.123138,0.120942,0.113177,0.105402,0.0936484,0.0867364,0.0800315,0.0786906,0.070662,0.0670975,0.0559001,0.048997,0.0442723,0.0461458,0.0502918,0.0503673,0.0466848,0.0442619,0.0374248,0.0342971,0.0378971,0.0387887,0.0403654,0.0358514,0.0337623,0.0371885,0.0387593,0.0442685,0.0497568,0.043212,0.0478188,0.0473784,0.0410775,0.0351065,0.0348083,0.0357022,0.0318981,0.031738,0.0277023,0.0335949,0.0306087,0.0345268,0.0270182,0.0222704,0.0202582,0.020385,0.0214328,0.022188,0.0191344,0.0158386,0.0155386,0.0214932,0.0239566,0.0276847,0.0285996,0.0321849,0.0328887,0.0298077,0.0374121,0.0388216,0.0378221,0.0361412];
time = 20.8s
