xte_vel = [0.0942656,0.102153,0.104463,0.0980874,0.0726449,0.0511504,0.0240054,0.0183166,0.036956,0.0465434,0.0617926,0.0691941,0.0813769,0.0804744,0.0798869,0.0790041,0.00757015,0.0639804,0.0474774,0.0366435,0.0226222,0.0202837,0.033804,0.0483844,0.0574555,0.0711823,0.0840873,0.0938393,0.119169,0.141121,0.159687,0.183915,0.198429,0.214472,0.22414,0.239126,0.253844,0.268489,0.266905,0.284932,0.28142,0.289289,0.290627,0.294986,0.276706,0.273369,0.260577,0.241037,0.234508,0.207625,0.19599,0.166637,0.15849,0.136305,0.123522,0.117744,0.104079,0.101302,0.085604,0.0834664,0.0725821,0.0535844,0.0417359,0.0234589,0.0272086,0.0607721,0.0886089,0.121217,0.153984,0.18296,0.198957,0.215698,0.222411,0.216762,0.200848,0.1824340.0576292,0.0727914,0.0685464,0.0677665,0.0581144,0.0446021,0.0249323,0.00945031,0.014005,0.0256172,0.0325626,0.0435615,0.0449627,0.0542562,0.0526552,0.0577776,0.0570106,0.0374578,0.0504314,0.0396917,0.0365728,0.0311054,0.0385916,0.0417334,0.046791,0.0596319,0.0686416,0.0737439,0.0792643,0.0860514,0.0992796,0.125662,0.137804,0.167618,0.187305,0.201609,0.211597,0.217635,0.231393,0.223939,0.238954,0.240012,0.251249,0.249206,0.261561,0.255583,0.268083,0.255136,0.259744,0.255151,0.265404,0.257051,0.254678,0.239543,0.231909,0.237301,0.218712,0.210976,0.197728,0.187327,0.168431,0.148833,0.127138,0.104343,0.0802813,0.0732601,0.0723069,0.0825567,0.0968898,0.115793,0.119706,0.130214,0.13213,0.136887,0.132921,0.1305440.0503696,0.056378,0.0533141,0.0422029,0.0330293,0.0226582,0.015159,0.0154704,0.0177732,0.0276903,0.0392459,0.0359832,0.0322123,0.0330416,0.0281685,0.0254985,0.0269714,0.0262102,0.0248345,0.0180694,0.0166081,0.00976921,0.0053241,0.00462157,0.0148066,0.0210855,0.026805,0.0420837,0.053483,0.0612734,0.063255,0.0703643,0.0862134,0.0955017,0.120955,0.140614,0.16781,0.181378,0.200795,0.225201,0.241926,0.260549,0.272013,0.276668,0.282951,0.273234,0.276585,0.263489,0.254455,0.259369,0.248546,0.240876,0.224964,0.213216,0.216181,0.203184,0.18903,0.171436,0.155276,0.139905,0.1198,0.1076,0.0919778,0.0669112,0.0384483,0.0210473,0.0492617,0.0898454,0.121061,0.161693,0.18415,0.194337,0.20981,0.202387,0.193937,0.186053,0.16746,0.136447];
time = 57.2s
thresh = 0.4
set_speed = 0.4
,,,,,,,,,,,,