xte_vel = [0.0505464,0.037508,0.0341774,0.034526,0.0463255,0.0580033,0.07192,0.0826062,0.0921557,0.10275,0.113676,0.11441,0.1216,0.11448,0.115593,0.101739,0.0938888,0.09113,0.0860221,0.0678538,0.0591802,0.0586351,0.055972,0.0531327,0.0490709,0.0423049,0.0363989,0.0360359,0.0388242,0.0463949,0.0445931,0.0461744,0.0516811,0.0579306,0.0614501,0.0520249,0.0635384,0.0528794,0.0588421,0.0570285,0.0573514,0.0567196,0.0530497,0.0499991,0.0556047,0.0535942,0.056608,0.0641373,0.0735628,0.0838344,0.0895107,0.0970773,0.090496,0.100178,0.0955745,0.104095,0.103577,0.104533,0.100896,0.0942939,0.0900622,0.0964936,0.0949035,0.102312,0.0996147,0.108472,0.102405,0.101916,0.105489,0.104701,0.107065,0.115125,0.106445,0.10406,0.10563,0.0911625,0.0809227,0.0764146,0.0639967,0.0673997,0.0599168,0.0510487,0.0571693,0.0512428,0.0527414,0.0549672,0.0599321,0.0526109,0.053301,0.0481964,0.0367089,0.0282353,0.0216279,0.0148390.00531792,0.0164796,0.0189324,0.0329992,0.0435623,0.0539702,0.0612398,0.06486,0.0721818,0.0740205,0.0692077,0.0630868,0.0641033,0.0676105,0.0764313,0.084733,0.0846082,0.0855881,0.0960279,0.0868997,0.0794545,0.0770619,0.0822638,0.082829,0.085968,0.0950213,0.10383,0.112173,0.124252,0.123381,0.120302,0.120515,0.112968,0.105673,0.103399,0.0954017,0.0887662,0.0789896,0.0758117,0.072998,0.0729431,0.0671735,0.0846692,0.0898315,0.0879013,0.0839033,0.0942746,0.0896376,0.0993582,0.104472,0.10535,0.10566,0.0948588,0.0926865,0.0791801,0.0691588,0.0650375,0.0530594,0.0496239,0.051061,0.0482021,0.0522618,0.0588932,0.0674805,0.0767917,0.08479,0.0933813,0.102705,0.104766,0.114705,0.114531,0.11438,0.113753,0.107066,0.0949774,0.0880311,0.0776085,0.0643036,0.05446180.0397078,0.0435243,0.0452149,0.0500779,0.0529,0.0606859,0.0646838,0.0746058,0.0701153,0.0820422,0.0886789,0.10018,0.107174,0.113551,0.1135,0.119965,0.113787,0.11698,0.102248,0.093898,0.0802747,0.0629014,0.0632279,0.0525793,0.0547774,0.055855,0.0659975,0.0762896,0.0838297,0.0968881,0.107217,0.119257,0.121362,0.125227,0.131189,0.128718,0.126288,0.118784,0.107489,0.0979537,0.0954646,0.0859985,0.0858284,0.0842201,0.0844526,0.085109,0.0901005,0.094876,0.0869186,0.0849842,0.086963,0.0824087,0.074231,0.0734249,0.07206,0.0777556,0.0772243,0.0881634,0.0922207,0.0917184,0.0933064,0.0943455,0.0894796,0.088843,0.0863069,0.0782772,0.0795316,0.0721505,0.0754899,0.0757384,0.0771728,0.0725892,0.0752119,0.0795296,0.079082,0.090046];
time = 62s
thresh = 0.2
set_speed = 0.3
,,,,,,,,,,,,,,,,,,