xte_vel = [,,,,,,,,,,,,,,,,,,,,,,,,,,,0.302144,0.223108,0.065657,0.0775869,0.0937489,0.100117,0.108352,0.107207,0.102831,0.0928812,0.0887852,0.0796724,0.0728348,0.0604744,0.0505925,0.0408268,0.0323161,0.0243874,0.0158185,0.00955316,0.00949873,0.0130409,0.0178199,0.026914,0.0298563,0.0383926,0.0505442,0.0510844,0.0548419,0.058306,0.056137,0.0488648,0.0516254,0.0497406,0.0450901,0.0431576,0.0392119,0.0369706,0.0328732,0.0356867,0.0391473,0.0345942,0.0380508,0.0335255,0.0318354,0.0354321,0.0351562,0.0381174,0.0276109,0.0304118,0.025824,0.0357383,0.0277994,0.031188,0.0293509,0.0330509,0.0306257,0.0282005,0.0310224,0.0281872,0.0219559,0.0272611,0.0249607,0.0307958,0.0321772,0.037646,0.0380572,,,,,,,,,,,,,,,,,,,,,,,,,,,,,,,,,,,,,,,,,,,,,,,,,,,,,,,,,,,,,,,,,,0.110317,0.0968621,0.0710903,0.237142,0.246555,0.233201,0.212341,0.185488,0.172785,0.158759,0.165598,0.174759,0.173738,0.169204,0.16578,0.153545,0.142021,0.113237,0.0917921,0.0641263,0.0357094,0.0188124,0.0273881,0.0374314,0.0581725,0.0734706,0.0768758,0.0904947,0.0942614,0.0990346,0.104223,0.103928,0.106335,0.0954911,0.0912399,0.0824102,0.0886098,0.0813516,0.071234,0.0636326,0.0539883,0.0491445,0.050282,0.0478864,0.0541627,0.0545956,0.0516943,0.0532802,0.0482814,0.0483008,0.0445229,0.0463939,0.0488402,0.0469256,0.0521303,0.0544625,0.0528145,0.0514548,0.0500182,0.0440976,0.0435224,0.0403292,0.0393061,0.0377503,0.0424478,0.0399183,,,,,,,,,,,,,,,,,,,,,,,,,,,,,,,,,,,,,,,,,,,,,,,,,,,,,,,,,,,,,,,,,,,,0.0588513,0.0459667,0.0271936,0.0187381,0.135878,0.219755,0.271557,0.300296,0.309333,0.304713,0.290774,0.28201,0.261625,0.246544,0.235417,0.227261,0.213459,0.208624,0.192451,0.172859,0.148883,0.118211,0.0929635,0.0760871,0.0538016,0.0434413,0.0480109,0.0654473,0.075657,0.0906855,0.0883282,0.0940054,0.0915674,0.083544,0.0748178,0.0547573,0.0407518,0.0333613,0.0256061,0.0104398,0.00889471,0.0068994,0.0156748,0.0237519,0.0310202,0.0416653,0.0433154,0.0415908,0.0440277,0.0484986,0.0467243,0.043736,0.0407828,0.0438126,0.0491908,0.0476313,0.0476752,0.0466675,0.0435251,0.0479467,0.0433242,0.0423954,0.033332,0.0335915,0.024727,0.0326512,0.0307909,0.0298216,0.0314223,0.0343323,0.0314444,0.0352174,0.0322738,0.0279781,0.0254221,0.0199601,0.0157036];
time = 75.2s
thresh = 0.5
set_speed = 0.5
,,,,,,,,,,,