xte_vel = [0.052007,0.0421823,0.0335476,0.0368997,0.0357729,0.0362712,0.0434491,0.0502233,0.0490116,0.0688799,0.0802068,0.0814731,0.0831337,0.0922374,0.101724,0.100246,0.105724,0.113005,0.12077,0.121943,0.124054,0.128978,0.133088,0.133833,0.143137,0.142827,0.154088,0.154501,0.154188,0.149299,0.152148,0.145838,0.14661,0.147025,0.135657,0.11829,0.115,0.12261,0.142926,0.150701,0.154299,0.152616,0.156538,0.160432,0.156718,0.147118,0.137011,0.127245,0.12736,0.126434,0.122995,0.11909,0.11937,0.120133,0.124372,0.128601,0.13895,0.144053,0.150108,0.163003,0.171611,0.175136,0.181962,0.187476,0.185882,0.185503,0.173071,0.16362,0.158292,0.153098,0.148143,0.145572,0.147781,0.15023,0.155322,0.151465,0.147733,0.14592,0.143236,0.141073,0.136922,0.127758,0.125176,0.12163,0.114864,0.10683,0.100036,0.098835,0.0989535,0.0947484,0.0931662,0.0923766,0.0887367,0.0915492,0.0891187,0.0875756,0.0870554,0.0885724,0.0875101,0.0920649,0.0941865,0.0880745,0.0879434,0.0816132,0.079894,0.0724184,0.0725542,0.0673279,0.0631716,0.0598978,0.057549,0.060273,0.0537785,0.0532311,0.0501297,0.0510023,0.0438392,0.0352668,0.0322356,0.0300328,0.0325213,0.0357536,0.0394569,0.0435079,0.0476712,0.0581587,0.0597663,0.0532524,0.0525717,0.0537988,0.0540025,0.046271];
time = 40s
thresh = 0.3
set_speed = 0.2
