dist_err_vel = {[,,,,,,,,,,,,,,,,,,,,,,,,,,,,,,,,,,],[0.191955],[0.234887],[0.343407,0.340186,0.326846,0.287763],[0.362234,0.316163,0.266112],[0.338817,0.299136],[0.37194,0.327684,0.292994],[0.35825,0.314253,0.273927],[0.321678,0.265104],[0.303036,0.24356],[0.27814],[0.315727,0.240791],[0.279922],[0.316007,0.23462],[0.27579],[0.316065,0.237396],[0.276622],[0.324656,0.24528],[0.287673],[0.333685,0.267947],[0.31468,0.246565],[0.282808],[0.325054,0.253947],[0.285078],[0.32556,0.243337],[0.26719],[0.293297],[0.317847,0.237415],[0.268808],[0.308352,0.227322],[0.261515],[0.307241,0.229612],[0.263723],[0.302845,0.225988],[0.260486],[0.282367],[0.322818,0.236883],[0.271791],[0.308939,0.222695],[0.242944],[0.268632],[0.300788,0.206638],[0.241834],[0.268516],[0.303356,0.224763],[0.254595],[0.293681],[0.331464,0.264428],[0.290875],[0.330011],[0.296495],[0.337595,0.275895],[0.303277,0.247065],[0.267475],[0.302929,0.240839],[0.263192],[0.290076],[0.320374,0.248416],[0.276478],[0.314735,0.233784],[0.264362],[0.302491,0.217791],[0.251366],[0.293333],[0.335486,0.246428],[0.286114],[0.324197,0.245702],[0.282284],[0.316956,0.252404],[0.288382],[0.322258,0.242335],[0.272408],[0.311661,0.236069],[0.266194],[0.301456,0.241131],[0.269882],[0.304142,0.250031],[0.273251],[0.312132,0.251472],[0.279358],[0.318087,0.249719],[0.282693],[0.316993,0.244279],[0.270807],[0.310784,0.235402],[0.272993],[0.318936,0.253056],[0.303487,0.240299],[0.283967],[0.328559,0.264094],[0.315576,0.250832],[0.285283],[0.338675,0.267646],[0.312745,0.238843],[0.269163],[0.317326,0.228029],[0.259634],[0.296726],[0.336408],[0.286852],[0.324765,0.245581],[0.281612],[0.323155,0.244398],[0.286679],[0.321743,0.245006],[0.275785],[0.316999,0.237874],[0.275492],[0.319851,0.242643],[0.277221],[0.310776,0.226751],[0.272014],[0.300043,0.225765],[0.255536],[0.295309],[0.322012,0.240836],[0.276385],[0.32128,0.238794],[0.273472],[0.316789,0.236188],[0.266806],[0.291564],[0.321323,0.243567],[0.271219],[0.309032,0.22398],[0.262388],[0.289819],[0.327683,0.253122],[0.29343],[0.324917,0.258423],[0.290432],[0.324727,0.249836],[0.276388],[0.309421,0.240549],[0.264857],[0.299344],[0.329348,0.254059],[0.287629],[0.32152,0.244538],[0.288303],[0.325411,0.27585],[0.307715,0.245021],[0.271456],[0.299385],[0.33652,0.261564],[0.293499],[0.330738,0.237056],[0.270202]};
time = 51.6s
size =  50
thresh = 0.3
set_speed = 0.4
],[,,,,,,,,,,,,,,,,,,,,,,,,,,,,,,,,,,,,,,,,,,,,,,,,,,,,,