thresh = 0.5m
rmse_pos = {[7.28178,7.28178,7.27111,7.12069,6.74138,6.21178,5.57432,4.98467,4.34722,3.73672,3.18897,2.71883,2.32663,2.01922,1.7749,1.57141,1.3758,1.21325,1.03484,0.863516,0.736218,0.620981,0.518266,0.428879],[0.239849],[0.1617],[0.28076],[0.430394],[0.565567,0.553122,0.517128,0.465349],[0.534273,0.476272],[0.53596,0.468908],[0.532904,0.453479],[0.510629,0.435076],[0.49262],[0.551988,0.478821],[0.536106,0.461811],[0.511182,0.439291],[0.491158],[0.557711,0.474076],[0.527449,0.445268],[0.503911,0.423518],[0.484405],[0.550748,0.462425],[0.523233,0.445853],[0.502335,0.426385],[0.48615],[0.551664,0.471425],[0.526511,0.447937],[0.498476],[0.555949,0.475681],[0.516868,0.430002],[0.484554],[0.542937,0.458331],[0.509109,0.426137],[0.483496],[0.535578,0.454574],[0.508774,0.418081],[0.472867],[0.527977,0.440605],[0.485489],[0.545306,0.452305],[0.493688],[0.549985,0.449088],[0.490017],[0.539192,0.442147],[0.48914],[0.543921,0.447465],[0.491746],[0.538178,0.452929],[0.499319],[0.548384,0.460575],[0.501496,0.407963],[0.455825]};
time = 20.8s
size =  50
thresh = 0.5
