rmse_pos = {[0.315887],[0.421768],[0.647778,0.709277,0.694289,0.614943,0.502121,0.402179],[0.462989],[0.534572,0.462766],[0.527307,0.466825],[0.530371,0.458954],[0.519606,0.448018],[0.503517,0.423301],[0.473727],[0.539479,0.459447],[0.525168,0.451614],[0.521696,0.445961],[0.517421,0.446969],[0.527023,0.462027],[0.545557,0.475664],[0.549776,0.501612,0.432631],[0.508935,0.433406],[0.5139,0.437779],[0.510415,0.44151],[0.509993,0.43292],[0.506705,0.425547],[0.493797],[0.559957,0.482208],[0.543411,0.458395],[0.509559,0.426024],[0.486323],[0.538324,0.450721],[0.500237,0.412933],[0.469824],[0.523547,0.43657],[0.485335],[0.536987,0.44102],[0.49375],[0.536877,0.44714],[0.485171],[0.536305,0.445079],[0.493902],[0.532335,0.432559],[0.473815],[0.518831,0.418535],[0.46415],[0.514852,0.417762],[0.471299],[0.519448,0.430599],[0.472693],[0.522668,0.434421],[0.478253],[0.5258,0.430382],[0.476215]};
time = 17.4s
size =  50
thresh = 0.5
