xte_pos = [0.237429,0.226887,0.219604,0.218281,0.217643,0.214625,0.210876,0.206966,0.197519,0.198171,0.189033,0.182639,0.170554,0.16068,0.153477,0.150304,0.149269,0.14557,0.142542,0.139184,0.137257,0.135143,0.134235,0.132246,0.130593,0.127715,0.124354,0.120291,0.117498,0.118519,0.118073,0.114304,0.11445,0.11397,0.111004,0.112153,0.109233,0.106304,0.108572,0.104954,0.101492,0.100048,0.102016,0.0944519,0.0931516,0.0929937,0.0934957,0.0955373,0.100721,0.105075,0.1057,0.101795,0.101311,0.106567,0.111323,0.11801,0.120767,0.120733,0.123019,0.128012,0.130676,0.136032,0.140487,0.147453,0.15116,0.15502,0.158709,0.16533,0.169349,0.17145,0.170107,0.176112,0.1784,0.189119,0.196026,0.20422,0.204158,0.210066,0.211001,0.218001,0.227073,0.226044,0.2233850.221249,0.219868,0.218188,0.215409,0.221224,0.219542,0.224968,0.230524,0.227376,0.224247,0.221306,0.22206,0.217946,0.217349,0.209791,0.205102,0.198627,0.199984,0.194091,0.18245,0.174045,0.16461,0.16329,0.169,0.173227,0.173903,0.176208,0.173048,0.172677,0.169894,0.16737,0.168328,0.166471,0.163019,0.164128,0.160487,0.160192,0.155386,0.155765,0.156524,0.157594,0.155629,0.158876,0.160243,0.160023,0.159135,0.162784,0.158951,0.16028,0.153616,0.149842,0.144196,0.139048,0.134144,0.130293,0.121777,0.12497,0.122783,0.11874,0.114573,0.11093,0.1113,0.111188,0.108941,0.11126,0.107789,0.110826,0.109491,0.107489,0.104469,0.0999409,0.0958047,0.0928762,0.0945681,0.0877297,0.0864593,0.0827761,0.0805411,0.0803213,0.0798159,0.0804109,0.0837672,0.0888374,0.0959937,0.0967277,0.09657630.103679,0.103115,0.104814,0.109953,0.111093,0.105673,0.100981,0.101412,0.102621,0.10507,0.105684,0.106204,0.112144,0.109303,0.111575,0.112085,0.114608,0.112705,0.116795,0.123065,0.126773,0.130143,0.131631,0.131584,0.126767,0.125842,0.119554,0.118473,0.114909,0.117655,0.121029,0.121921,0.120324,0.119002,0.121738,0.12613,0.131228,0.135485,0.137557,0.139959,0.14167,0.144272,0.142916,0.144696,0.146551,0.143793,0.144563,0.144024,0.145711,0.143684,0.146896,0.146047,0.14384,0.145441,0.143599,0.144024,0.1378,0.139272,0.144089,0.145517,0.149372,0.151815,0.155831,0.152003,0.155539,0.155482,0.155248,0.156242,0.159181,0.153995,0.153033,0.148107,0.145279,0.145727,0.14093,0.138959,0.136511,0.133399,0.13025,0.129272,0.12644,0.12469];
time = 57.8s
thresh = 0.5
,,,,