xte_vel = [0.109,0.0978057,0.0985103,0.0961433,0.104996,0.106988,0.119683,0.124424,0.143095,0.151319,0.16534,0.165809,0.172834,0.172254,0.174178,0.165933,0.169705,0.165566,0.163936,0.156954,0.160778,0.166271,0.1662,0.158826,0.16716,0.160181,0.16571,0.156138,0.159235,0.152807,0.158827,0.156219,0.158195,0.158807,0.161096,0.155673,0.155917,0.154366,0.152971,0.150025,0.151554,0.151305,0.152872,0.148014,0.151741,0.158855,0.157978,0.165467,0.165428,0.170628,0.173714,0.180068,0.182124,0.192776,0.199924,0.211912,0.210566,0.210563,0.212287,0.209157,0.215996,0.209959,0.206702,0.20814,0.200092,0.193216,0.195292,0.180698,0.174012,0.162212,0.159571,0.140366,0.136906,0.128652,0.122458,0.120902,0.112033,0.102623,0.0939588,0.0879805,0.0917378,0.0848239,0.0749555,0.0669191,0.0715823,0.0556229,0.053241,0.0551742,0.04976820.10355,0.113946,0.120402,0.13897,0.150974,0.160947,0.186581,0.201775,0.222455,0.221794,0.231085,0.240784,0.248494,0.261921,0.255981,0.260146,0.252135,0.248255,0.238752,0.228443,0.219619,0.214365,0.209084,0.202956,0.189323,0.186473,0.185991,0.176919,0.175889,0.178394,0.172492,0.169138,0.160169,0.155338,0.148314,0.147439,0.145608,0.147178,0.149402,0.147682,0.155536,0.164602,0.172932,0.182891,0.187955,0.191139,0.192343,0.195362,0.196564,0.193872,0.207352,0.22361,0.22139,0.238149,0.232929,0.237168,0.241575,0.243743,0.252094,0.247303,0.247741,0.243031,0.247938,0.245472,0.245932,0.238918,0.241782,0.239299,0.234157,0.229096,0.229854,0.227638,0.233487,0.227767,0.2313360.226873,0.239408,0.237138,0.244948,0.240565,0.251586,0.252531,0.2585,0.255242,0.254203,0.249649,0.243397,0.23616,0.232399,0.222315,0.215198,0.201775,0.192886,0.202608,0.196143,0.199008,0.19244,0.190211,0.190729,0.183129,0.18683,0.181688,0.186253,0.181028,0.172991,0.168931,0.156863,0.158659,0.147203,0.137892,0.134774,0.127865,0.127537,0.119569,0.123035,0.119547,0.122094,0.126378,0.136874,0.141861,0.149994,0.165246,0.170185,0.18475,0.189747,0.195246,0.204884,0.210394,0.212507,0.21978,0.219615,0.230266,0.230348,0.234401,0.232471,0.240171,0.228064,0.238543,0.227291,0.226506,0.216146,0.212891,0.201215,0.187259,0.180018,0.172694,0.172721,0.158452,0.150615,0.143975,0.134465,0.123285,0.120782];
time = 58.4s
thresh = 0.4
set_speed = 0.3
,,,,,,,,,