dist_err_vel = {[3.19618,3.19618,3.18418,3.11808,3.0491,2.98811,2.91611,2.85515,2.79222,2.73722,2.66923,2.60423,2.54124,2.48524,2.42125,2.35326,2.28811,2.22406,2.17006,2.103,2.04,1.97803,1.92106,1.85813,1.78823,1.73134,1.66735,1.61636,1.55352,1.50054,1.43678,1.37682,1.32006,1.26138,1.20615,1.14826,1.09336,1.04153,0.983758,0.9181,0.860027,0.800553,0.745194,0.695193,0.635269,0.58349,0.533781,0.477967,0.420178,0.364783],[0.356824],[0.384819],[0.467419,0.462729,0.446779,0.433608,0.401377,0.380817],[0.461912,0.424921,0.399805],[0.483771,0.446174,0.402881,0.368678],[0.459,0.406516,0.369842],[0.440347,0.392923],[0.465274,0.40158,0.348378],[0.417556,0.366167],[0.424559,0.36023],[0.43211,0.369755],[0.43658,0.361958],[0.422951,0.356767],[0.419708,0.353389],[0.405417,0.325782],[0.375005],[0.430598,0.34622],[0.415322,0.334158],[0.3928],[0.45178,0.386155],[0.43572,0.369368],[0.405066,0.345819],[0.390691],[0.443137,0.371765],[0.419993,0.343369],[0.397214],[0.454466,0.374961],[0.438405,0.370999],[0.421416,0.36044],[0.407988,0.354123],[0.409489,0.341348],[0.383861],[0.435019,0.365498],[0.418476,0.339512],[0.40157,0.313651],[0.372184],[0.417783,0.323961],[0.360118],[0.411627,0.320138],[0.366472],[0.423409,0.344404],[0.39518],[0.444847,0.38156],[0.439985,0.366275],[0.409838,0.338519],[0.372644],[0.437116,0.349172],[0.410381,0.334101],[0.388603]};
time = 28.6s
size =  50
thresh = 0.4
set_speed = 0.3
