xte_vel = [1.69328,1.6553,1.61947,1.58349,1.55472,1.52402,1.48804,1.45041,1.40981,1.36729,1.32488,1.28497,1.24456,1.20169,1.15883,1.11703,1.07419,1.02738,0.983511,0.9415,0.898764,0.853914,0.810289,0.763748,0.718309,0.673809,0.630494,0.0952227,0.0983353,0.0907114,0.079906,0.0774271,0.0594883,0.0454661,0.0309392,0.0390312,0.0523697,0.0598982,0.071614,0.0759612,0.0715834,0.0667098,0.0548284,0.0400156,0.03779,0.0357738,0.0403785,0.0424199,0.0535952,0.0601072,0.0643212,0.0535087,0.0455693,0.0545996,0.0549887,0.0582885,0.0586573,0.0599555,0.0551317,0.0546537,0.0526599,0.0554126,0.0484358,0.0348122,0.032544,0.0257373,0.0219244,0.0200082,0.0214762,0.0202708,0.0210762,0.0203076,0.0202993,0.0101516,0.0141066,0.0375604,0.0498729,0.0567264,0.0737795,0.0785636,0.0856205,0.0840976,0.081088,0.0692186,0.064621,0.050769,0.0362347,0.0190327,0.009826,0.00755431,0.0161583,0.0252074,0.0367777,0.045273,0.0456481,0.0466626,0.0427608,0.0375571,0.0260086,0.0250388,0.0269005,0.0314455,0.0328412,0.0307872,0.0256577,0.0209291,0.0207741,0.0240403,0.0283022,0.032348,0.0414449,0.0432801,0.0413631,0.0343219,0.034098,0.0258833,0.0169826,0.00996176,0.0130749,0.0162125,0.0203157,0.0204684,0.0235788,0.0305163,0.0332075,0.0366539,0.0350113,0.0299442,0.0183378,0.00402908,0.0082388,0.022296,0.0313169,0.0283451,0.0318474,0.0253877,0.013858,0.014309,0.0102741,0.0100513,0.0170548,0.0256881,0.0374834,0.044732,0.0437011,0.0380654,0.0382779,0.0284205,0.0203606,0.00432934,0.00819632,0.0180599,0.0292905,0.0304307,0.0312724,0.0286573,0.0236218,0.0182214,0.0131563,0.00902057,0.0159764,0.0250444,0.0389041,0.0541252,0.0592922,0.0651616,0.0712216,0.0685954,0.0753215,0.0707758,0.0672369,0.0643509,0.0617651,0.0488942,0.0442286,0.0315349,0.029784,0.0202184,0.0156088,0.0146566,0.0103148,0.0111799,0.013688,0.00493285,0.0054712,0.0167665,0.0287878,0.0328034,0.0384061,0.0469474,0.0497686,0.0526761,0.0571409,0.0519535,0.0526495,0.04743,0.0357514,0.0328289,0.0306085,0.0267996,0.0176524,0.0144854,0.00842119,0.0118991,0.0123947,0.0140022,0.0150875,0.0200086];
time = 54.8s
thresh = 0.1
set_speed = 0.2
