xte_vel = [0.157918,0.152056,0.146053,0.13608,0.132391,0.129364,0.125114,0.123493,0.123298,0.122019,0.124662,0.123692,0.1256,0.128149,0.136948,0.139983,0.147791,0.151594,0.15985,0.164145,0.16412,0.162032,0.165287,0.165051,0.167232,0.160159,0.163889,0.161077,0.154443,0.147401,0.146265,0.120042,0.0988454,0.0894791,0.104754,0.0957836,0.0805143,0.0730877,0.0702506,0.0682321,0.0714299,0.0725664,0.0781337,0.0818756,0.0868375,0.0969471,0.0991014,0.107407,0.113078,0.106373,0.110433,0.099739,0.0949275,0.089617,0.0871951,0.0832048,0.0773103,0.0728673,0.0671375,0.0614562,0.058846,0.060327,0.0660647,0.0685947,0.0789047,0.0896689,0.100328,0.100795,0.113548,0.122757,0.138191,0.15406,0.155676,0.160975,0.173928,0.174917,0.184286,0.186103,0.189308,0.190902,0.185638,0.176801,0.163234,0.155042,0.144044,0.13871,0.129325,0.118015,0.101208,0.0895238,0.0771967,0.0670693,0.0561619,0.0529616,0.0510511,0.0525714,0.0598467,0.0619923,0.0771962,0.0862738,0.0961644,0.105645,0.116457,0.119722,0.125246,0.128617,0.139878,0.137093,0.146982,0.146951,0.156193,0.16047,0.162986,0.155188,0.151766,0.144718,0.13917,0.135401,0.135059];
time = 38.8s
thresh = 0.4
set_speed = 0.2
