xte_pos = [1.30618,1.5745,1.63091,1.9125,2.32326,2.43741,2.79941,2.84862,3.28515,3.31344,10.2978,11.3799,12.0854,12.5698,12.8034,12.8824,12.8964,12.6414,12.0531,11.0416,9.82204,8.38948,6.9161,5.42445,4.0364,2.79034,1.72356,1.01408,0.503824,2.53571,2.4641,2.41171,2.27051,2.15053,1.96311,1.80984,1.62206,1.45335,1.26975,1.12054,0.969255,0.842699,0.721689,0.63184,0.536048,0.478657,0.422807,0.379357,0.342612,0.325286,0.308066,0.310323,0.326573,0.33242,0.340522,0.337256,0.347692,0.338921,0.338642,0.331606,0.332554,0.325695,0.321667,0.302755,0.299573,0.283098,0.268251,0.250748,0.241729,0.219441,0.205269,0.187765,0.166882,0.157647,0.146189,0.132512,0.118635,0.109079,0.102438,0.0946984,0.0818624,0.0733376,0.0699273,0.0636069,0.0631103,0.062231,0.0571873,0.0658464,0.0706199,0.0697333,0.0647444,0.0626773,0.0675154,0.0670676,0.0675905,0.0573413,0.0593531,0.0571995,0.0528873,0.0437898,0.0482597,0.0400435,0.0376534,0.0409039,0.0401748,0.0357099,0.0525263,0.0493972,0.0463198,0.0357904,0.0426392,0.0362794,0.0348376];
time = 35.4s
thresh = 0.5
