dist_err_pos = {[0.585608,0.585608,0.586518,0.594771,0.581944,0.572644,0.554891,0.563359,0.589066,0.580116,0.578042,0.553577,0.548423,0.519677,0.524557,0.509188,0.512933,0.502661,0.514502,0.492983],[0.633482,0.607754,0.596806,0.556373,0.538013,0.495939],[0.583416,0.52912,0.501055,0.457667],[0.517842,0.468291],[0.518954,0.467971],[0.520649,0.463676],[0.497678],[0.529079,0.474406],[0.500234,0.45786],[0.473141],[0.494884],[0.500461,0.440338],[0.426954],[0.419414],[0.391261],[0.362574],[0.311285],[0.264173],[0.202239],[0.17969],[0.198281],[0.286929],[0.400669],[0.520778,0.523871,0.503623,0.480085],[0.56219,0.544965,0.50479,0.48321],[0.526165,0.497609],[0.508263,0.458743],[0.437036],[0.395131],[0.3367],[0.289499],[0.286642],[0.312774],[0.372107],[0.429529],[0.486267],[0.553172,0.503078,0.4658],[0.50439,0.47409],[0.507117,0.465972],[0.507164,0.467644],[0.505115,0.47145],[0.506249,0.455986],[0.492865],[0.539817,0.471048],[0.528224,0.456854],[0.506487,0.423659],[0.464043],[0.508327,0.431068],[0.475617],[0.504789]};
time = 20.2s
size =  50
thresh = 0.5
