dist_err_carrot = {[2.26272,2.26272,2.12197,2.00878,1.92844,1.84994,1.77309,1.69614,1.62706,1.55947,1.49214,1.42974,1.36537,1.30969,1.26041,1.20465,1.14981,1.10084,1.04624,1.00144,0.960209,0.908605,0.860912,0.808644,0.758917,0.719536,0.662136,0.606354,0.542527,0.490305,0.420457,0.364637,0.311444,0.260343,0.201489,0.145858,0.0831366,0.0426309,0.0397427,0.0976101,0.159578,0.193877,0.193232,0.176419,0.155441,0.155968,0.191126,0.240277,0.307622,0.384741,0.450767,0.521915,0.585495,0.642213,0.691551,0.741005,0.787795,0.844215,0.910684,0.986287,1.05712,1.11263,1.15994,1.20389,1.23686,1.28083,1.31749,1.36606,1.42661,1.47813,1.52468,1.56915,1.60514,1.65379,1.70729,1.77116,1.8457,1.91868,1.98549,2.04844,2.10453,2.15524,2.19198,2.23671,2.28703,2.33764,2.3988,2.4583,2.52668,2.58137,2.63123,2.68168,2.73967,2.79946,2.86246,2.92634,2.99801,3.06791,3.13814,3.20269,3.2727,3.33865,3.40756,3.48355,3.55745,3.63698,3.70525,3.77661,3.84074,3.90764,3.98062,4.05868,4.14494,4.23022,4.32215,4.39998,4.47213,4.54488,4.62284,4.69332,4.767,4.84917,4.93656,5.02072,5.10508,5.18709,5.27027,5.35313,5.43193,5.50747,5.58931,5.66354,5.75455,5.84195,5.92557,5.99835,6.0618,6.13114,6.18038,6.24354,6.3058,6.37555,6.45154,6.53297,6.60327,6.67601,6.75202,6.82149,6.88946,6.96147,7.02742,7.07168,7.09296,7.09209,7.07261,7.048,7.01664,6.98735,6.94493,6.89561]};
time = 31.8s
size =  50
