xte_carrot = [1.79535,1.79535,1.66925,1.56909,1.50077,1.42468,1.35033,1.27641,1.20554,1.14061,1.07698,1.01837,0.959222,0.909451,0.86228,0.813738,0.77308,0.739213,0.701862,0.671384,0.645585,0.615909,0.584104,0.550002,0.523608,0.499564,0.464016,0.430083,0.385066,0.354792,0.305343,0.270394,0.236596,0.204585,0.164376,0.125483,0.177738,0.148369,0.108172,0.064529,0.0290227,0.0279592,0.0599306,0.0969867,0.116027,0.126297,0.123685,0.10171,0.0721035,0.0377942,0.0263969,0.0664858,0.0979673,0.123602,0.144004,0.141544,0.121352,0.0913367,0.0559572,0.0335016,0.0365181,0.0696355,0.0991664,0.129225,0.15334,0.176812,0.198605,0.241572,0.295194,0.362245,0.438696,0.512808,0.580346,0.641766,0.69628,0.744695,0.779362,0.822891,0.873231,0.924785,0.987357,1.04787,1.11619,1.17046,1.21941,1.26876,1.32604,1.38558,1.44866,1.51321,1.58538,1.65544,1.72554,1.7896,1.85909,1.92478,1.99373,2.07004,2.14458,2.22442,2.29286,2.36411,2.42768,2.49414,2.56685,2.64477,2.7311,2.81671,2.90888,2.98685,3.05892,3.13145,3.20917,3.27947,3.35309,3.43535,3.52295,3.60729,3.69169,3.77363,3.85674,3.93943,4.01809,4.09356,4.1754,4.24973,4.34091,4.42842,4.51204,4.58478,4.64809,4.7173,4.7665,4.82967,4.89203,4.96187,5.0379,5.11935,5.18958,5.26222,5.33815,5.40758,5.47559,5.5477,5.61372,5.65807,5.6794,5.67854,5.65903,5.63436,5.60287,5.57347,5.53101,5.48174];
time = 31.8s
