dist_err_carrot = {[6.62435,6.62375,6.61172,6.57079,6.53081,6.47673,6.4265,6.38197,6.30849,6.2314,6.13079,6.03644,5.9394,5.83691,5.73127,5.6294,5.52609,5.4349,5.33275,5.23322,5.13108,5.02551,4.91572,4.81394,4.72384,4.62551,4.5108,4.42905,4.31378,4.21716,4.10794,4.00908,3.91856,3.80487,3.70886,3.60734,3.49318,3.40604,3.30731,3.19099,3.09778,2.97875,2.87905,2.77437,2.66386,2.56373,2.45916,2.35057,2.24722,2.14109,2.04473,1.92808,1.82333,1.73617,1.63628,1.53465,1.42497,1.32992,1.2435,1.13524,1.0379,0.94064,0.855466,0.761278,0.653905,0.556886,0.463902,0.372137,0.268233,0.167167,0.0754604,0.0336686,0.101967,0.176378,0.179339,0.210389,0.249236,0.233089,0.234789,0.248618,0.191996,0.18551,0.146384,0.153488,0.116262,0.160943,0.127022,0.111893,0.0914002,0.144856,0.145552,0.122686,0.131771,0.126834,0.148867,0.0996653,0.13685,0.163293,0.21699,0.218766,0.197929,0.206978,0.168793,0.171598,0.114457,0.110866,0.0570706,0.0735687,0.0186009,0.0723852,0.0261704,0.0984093,0.0728307,0.111698,0.166227,0.113405,0.153158,0.0885258,0.113461,0.049175,0.0993004,0.0588361,0.0337722,0.112301,0.0980366,0.0791255,0.0833253,0.0719834,0.0784302,0.0949558,0.0906728,0.0784795,0.0792132,0.0651836,0.0892019,0.111671,0.179415,0.175922,0.207123,0.175931,0.150203,0.150191,0.112826,0.161557,0.125755,0.11305]};
time = 29s
size =  50
set_speed = 0.5
