xte_carrot = [2.40655,2.40655,2.30346,2.23622,2.1998,2.15769,2.12362,2.0813,2.04593,1.99882,1.95684,1.91735,1.88874,1.8584,1.83324,1.82235,1.8352,1.83472,1.84306,1.84567,1.8551,1.85348,1.87205,1.87884,1.9035,1.91697,1.9387,1.9501,1.97921,1.98579,2.00881,2.01175,2.02967,2.07483,2.08434,2.10248,2.09538,2.10227,2.08993,2.0916,2.1061,2.09685,2.08694,2.06453,2.05553,2.03977,2.02527,1.99105,1.96409,1.93586,1.90986,1.87663,1.84358,1.82361,1.78863,1.76149,1.73208,1.68431,1.64968,1.59961,1.55185,1.50956,1.46749,1.41231,1.3572,1.30211,1.25462,1.21271,1.15769,1.10277,1.05547,1.00045,0.94355,0.888508,0.839139,0.784392,0.729843,0.675551,0.613923,0.55464,0.501228,0.442779,0.38431,0.333357,0.166399,0.147959,0.136354,0.109238,0.0874623,0.0566105,0.0310471,0.033997,0.0608448,0.0780711,0.0833904,0.0881217,0.0812964,0.0676746,0.0557624,0.0314634,0.0146079,0.0156758,0.0393123,0.0542026,0.0703456,0.0674155,0.0647402,0.0565422,0.0407234,0.0206311,0.0137678,0.0263303,0.0413399,0.0542504,0.0914171,0.134889,0.185868,0.239972,0.294545,0.345797,0.408229,0.459203,0.516907,0.559044,0.618455,0.672153,0.724433,0.768002,0.832381,0.885271,0.932251,0.991716,1.04621,1.09964,1.14749,1.20187,1.2487,1.29468,1.34487,1.39041,1.4543,1.50544,1.55996,1.6116,1.66951,1.71944,1.77467,1.82488,1.88202,1.93328,1.98599,2.04177,2.09116,2.14848,2.19994,2.26147,2.3325,2.39329,2.46904,2.53631,2.60145,2.65994,2.72414,2.77925,2.8276,2.87482,2.93072,2.98326,3.04638,3.10315,3.16544,3.23264,3.29871,3.35052,3.41665,3.46639,3.53114,3.591,3.64866,3.71166,3.76216,3.81958,3.86698,3.92235,3.97513,4.02687,4.08189,4.13332,4.19503,4.2485,4.29862,4.35699,4.40715,4.45526,4.50604,4.55475,4.60728,4.65143,4.70487,4.76004,4.80553,4.8723,4.91782,4.96255,5.02061,5.06096,5.10834,5.15832,5.19348,5.23857,5.28095,5.33056,5.37111,5.42537,5.45988,5.51361,5.55396];
time = 45.2s
