rmse_vel = {[3.05604,3.05604,2.9462,2.8175,2.72611,2.65402,2.58307,2.5117,2.43798,2.36223,2.28672,2.2112,2.13873,2.06889,2.00297,1.94355,1.89271,1.86693,1.84537,1.81971,1.79923,1.78054,1.76804,1.75119,1.76942,1.77819,1.77427,1.76066,1.74642,1.73035,1.70949,1.69529,1.67085,1.65413,1.6275,1.6081,1.58618,1.56428,1.53942,1.51631,1.48698,1.45381,1.41931,1.38142,1.34434,1.30157,1.25272,1.22484,1.17818,1.12581,1.06976,1.00772,0.94648,0.874915,0.808327,0.7385,0.673004,0.60111,0.536841,0.465903,0.395454,0.326964,0.261511,0.192578],[0.274219,0.23514,0.20238,0.199464],[0.286381,0.276878,0.266486,0.246286,0.226216,0.204632,0.178034],[0.152836],[0.232939,0.208166,0.173595],[0.284891,0.241559,0.196562],[0.270571,0.212077,0.149036],[0.228144,0.173524],[0.251551,0.203305,0.16612],[0.218151,0.175532],[0.219873,0.169037],[0.229549,0.169697],[0.250878,0.195774],[0.279656,0.22658,0.165336],[0.244973,0.177572],[0.253343,0.193263],[0.273187,0.217437,0.175103],[0.239797,0.189842],[0.247529,0.188393],[0.253457,0.186518],[0.268751,0.212844,0.148822],[0.227351,0.167558],[0.236916,0.175581],[0.240554,0.173658],[0.237276,0.17061],[0.242699,0.172945],[0.25204,0.190588],[0.255323,0.187724],[0.255385,0.190069],[0.261504,0.195113],[0.259577,0.190544],[0.254434,0.184814],[0.261687,0.186348],[0.252259,0.17521],[0.237396,0.162847],[0.222977,0.151663],[0.216164,0.149915],[0.213891,0.140764],[0.198973],[0.256256,0.175699],[0.233963,0.151383],[0.214282,0.138409],[0.197978],[0.25821,0.17942],[0.242372,0.160248],[0.21446,0.138446],[0.197918],[0.255643,0.163867],[0.223048,0.137857],[0.198174]};
time = 34s
size =  50
thresh = 0.2
set_speed = 0.4
