xte_vel = [,,,,,,,,,,,,,,,,,,,,,,,,,,,,,0.166799,0.0339723,0.0648427,0.0933564,0.10705,0.114373,0.112803,0.115781,0.104405,0.103614,0.0864383,0.0756867,0.0579252,0.032057,0.00624212,0.0232918,0.0539732,0.0711732,0.0827909,0.0915441,0.0847147,0.0792304,0.0583157,0.0509409,0.0357629,0.0308427,0.0278238,0.0275744,0.0272814,0.0360151,0.0349706,0.0317873,0.0259363,0.0232206,0.0155742,0.0139123,0.0250224,0.028403,0.0319609,0.040523,0.0356022,0.0434378,0.0395496,0.0427883,0.0279291,0.0267593,0.0234849,0.0213059,0.0185485,0.0176418,0.020409,0.0286913,0.0292485,0.0409215,0.0345564,0.03429,0.0310325,0.0302774,0.0270094,0.0204578,0.0200475,0.0196443,0.0263594,0.0337154,0.035976,0.0382561,0.0420207,0.0385286,0.033604,0.0296722,0.0264369,,,,,,,,,,,,,,,,,,,,,,,,,,,,,,,,,,,,,,,,,,,,,,,,,,,,,,,,,,,,,,,,,,,,,,,,,,,,0.0263417,0.162127,0.161412,0.155969,0.142877,0.149709,0.155826,0.176116,0.183827,0.18809,0.172991,0.14544,0.113779,0.0790672,0.0441422,0.0344436,0.0498176,0.0774324,0.0957978,0.109989,0.11348,0.119828,0.104336,0.0933782,0.0829054,0.0663579,0.0483396,0.0299422,0.0228077,0.0254913,0.0278895,0.0249569,0.022193,0.0206811,0.0214419,0.0244312,0.0274886,0.030877,0.0344022,0.0432439,0.0520897,0.063091,0.0609929,0.0670683,0.0710602,0.0617071,0.056833,0.0386634,0.041021,0.0269077,0.0209483,0.0145527,0.0179999,0.0188669,0.022511,0.0179343,0.0167983,0.0107756,0.0146228,0.0163488,0.0222998,0.020156,0.0312044,0.0316486,0.0353527,0.0330763,0.0424797,0.0325848,0.0357631,0.0478886,,,,,,,,,,,,,,,,,,,,,,,,,,,,,,,,,,,,,,,,,,,,,,,,,,,,,,,,,,,,,,,,,,,,,,,,,,,,,0.0226125,0.0176948,0.209625,0.232423,0.234736,0.234982,0.232604,0.213127,0.204227,0.197207,0.186239,0.162708,0.151288,0.113392,0.0723768,0.0303427,0.025108,0.0594919,0.0921475,0.116865,0.13341,0.136633,0.129378,0.125662,0.10951,0.0906373,0.087848,0.0783406,0.0590169,0.0498916,0.0372037,0.0290247,0.0258939,0.0218903,0.0171199,0.0133639,0.00551711,0.00908707,0.0203445,0.0290801,0.0431818,0.0597485,0.071066,0.074459,0.0858672,0.0790909,0.0771422,0.0573803,0.054118,0.0558386,0.0379949,0.0374035,0.0313759,0.0320409,0.0306987,0.0283697,0.0294598,0.0206303,0.0118161,0.00322679,0.00924758,0.0197282,0.0231527,0.0318031,0.0341499,0.0313889,0.0294859,0.0284718,0.0189419,0.0199969,0.0189377,0.013474,0.0173552,0.016883,0.013656,0.0158751];
time = 82.4s
thresh = 0.3
set_speed = 0.5
,,,,,,,,,,,