dist_err_vel = {[2.93738,2.93738,2.92853,2.88246,2.82755,2.77248,2.71849,2.6685,2.62051,2.57473,2.52775,2.48176,2.43598,2.39,2.34537,2.29839,2.24984,2.20487,2.1624,2.12,2.07706,2.03512,1.99613,1.9542,1.91092,1.86701,1.82112,1.77226,1.72662,1.68578,1.64598,1.61102,1.56832,1.52364,1.47802,1.43218,1.38735,1.33884,1.28807,1.23869,1.19238,1.14718,1.10003,1.05305,1.00449,0.958734,0.911135,0.869558,0.828144,0.783952,0.736862,0.692828,0.6499,0.604625,0.559992,0.512714,0.46603,0.418932,0.373888,0.32611,0.284204],[0.29838],[0.362467,0.341653,0.319264,0.288354],[0.381233,0.345589,0.30558,0.271253],[0.343942,0.313529,0.277923],[0.352469,0.31517,0.280028],[0.354262,0.326702,0.300932,0.274676],[0.345423,0.315295,0.287588],[0.354132,0.317497,0.289279],[0.356595,0.323421,0.29658],[0.355718,0.330491,0.292985],[0.351391,0.319249,0.298884],[0.349633,0.317801,0.277687],[0.327244,0.290163],[0.343341,0.30383,0.277271],[0.316864,0.2894],[0.328648,0.297826],[0.337747,0.305196,0.265779],[0.302745,0.266579],[0.300684,0.259429],[0.291179],[0.339014,0.295485],[0.358551,0.32018,0.284327],[0.358247,0.323352,0.298168],[0.378324,0.357269,0.330414,0.310193,0.283874],[0.381738,0.362417,0.346432,0.322294,0.304972,0.281749],[0.371628,0.343864,0.316549,0.295572],[0.375881,0.348603,0.327646,0.303661,0.281033],[0.369911,0.347275,0.320689,0.29961],[0.380301,0.352963,0.318781,0.293972],[0.360458,0.330137,0.293383],[0.358166,0.323526,0.283732],[0.346392,0.305289,0.271974],[0.322757,0.280822],[0.335618,0.293522],[0.34813,0.313889,0.272992],[0.316866,0.277496],[0.320933,0.285857],[0.328887,0.292875],[0.336275,0.300141,0.25531],[0.300297,0.268895],[0.31556,0.270908],[0.327715,0.288815],[0.335666,0.292499],[0.355646,0.314505,0.267109],[0.338411,0.297929],[0.36949,0.327245,0.292473],[0.374465,0.344963,0.317717,0.286523],[0.370677,0.341891,0.308981,0.282222],[0.37173]};
time = 40s
size =  50
thresh = 0.3
set_speed = 0.2
