xte_carrot = [0.107741,0.103754,0.0686204,0.00874209,0.0499794,0.07971,0.110391,0.1085,0.0733384,0.033925,0.0311023,0.05471,0.0587326,0.0358917,0.0179608,0.0303754,0.0660968,0.0757342,0.0688818,0.0574662,0.032082,0.0233145,0.0319805,0.0424003,0.0494828,0.0432766,0.0426246,0.0560131,0.0622324,0.0660663,0.0613433,0.0454522,0.0388571,0.0365638,0.04409,0.0444135,0.0450469,0.037802,0.0250872,0.0154751,0.00774353,0.0160693,0.0304028,0.0429734,0.0470848,0.0335554,0.0299959,0.010289,0.0136508,0.0345151,0.0433639,0.0582149,0.066696,0.0742299,0.0700336,0.0668109,0.0476676,0.0316184,0.0323217,0.0362317,0.0485024,0.060897,0.0676548,0.04811,0.0282006,0.00497782,0.0249287,0.0454132,0.0602201,0.0740466,0.0690608,0.059135,0.0420659,0.0310399,0.037971,0.0714009,0.0766094,0.095442,0.0932701,0.0952479,0.0790138,0.0604563,0.0238453,0.0177505,0.0392804,0.0589323,0.0709705,0.0620395,0.0408778,0.0152771];
time = 33.4s
set_speed = 0.5
