xte_carrot = [0.0250137,0.0787918,0.153976,0.177682,0.184891,0.183394,0.181825,0.166011,0.142325,0.091958,0.0358201,0.0251101,0.0540699,0.0704749,0.0654724,0.0449564,0.0438279,0.0713033,0.109688,0.155865,0.196127,0.227656,0.23087,0.2016,0.181562,0.140605,0.108506,0.0667233,0.0333652,0.0115885,0.0271578,0.0355024,0.0344706,0.0101971,0.0197449,0.0642179,0.101703,0.140764,0.167791,0.173267,0.173653,0.154236,0.128415,0.0921529,0.0567719,0.0211465,0.0262477,0.046728,0.0579008,0.0435149,0.0126157,0.0363617,0.0919897,0.142903,0.172315,0.190208,0.190047,0.169406,0.143318,0.110394,0.0711,0.0383127,0.0383343,0.0581051,0.0654568,0.0604165,0.0450195,0.0191751,0.0221888,0.0652863,0.108873,0.137652,0.158901,0.157935,0.137532,0.103168,0.0626355,0.0236807,0.0280623,0.0477654,0.0545145,0.0484645,0.0255487,];
time = 30s
set_speed = 0.5
