xte_vel = [3.74575,3.74575,3.72628,3.65051,3.57364,3.48719,3.40237,3.31697,3.23349,3.13444,3.0513,2.95499,2.8664,2.7758,2.69019,2.60277,2.51408,2.43448,2.34234,2.25757,2.17184,2.09092,2.0076,1.91539,1.83485,1.74795,1.661,1.5763,1.50572,1.42942,1.35768,0.0395942,0.0650904,0.087598,0.120917,0.146034,0.187188,0.203527,0.244348,0.261264,0.28648,0.28807,0.295259,0.288715,0.299173,0.282022,0.278768,0.251349,0.237396,0.157443,0.0701765,0.0208086,0.0918301,0.138336,0.104766,0.084105,0.0467521,0.024872,0.0256817,0.0445137,0.0621243,0.0688435,0.0707979,0.0684846,0.0553497,0.0535052,0.0434252,0.0354871,0.0494575,0.0566884,0.0698018,0.0884736,0.102437,0.118463,0.129381,0.144013,0.16404,0.168712,0.180181,0.197511,0.188175,0.194511,0.1872,0.180092,0.173318,0.155967,0.13967,0.124239,0.0941265,0.0745653,0.0427842,0.0314883,0.0132177,0.0220479,0.046902,0.0619607,0.0797007];
time = 22s
thresh = 0.5
set_speed = 0.5
