dist_err_pos = {[3.0361,3.0361,2.98621,2.80911,2.59412,2.37513,2.15534,1.93346,1.71877,1.51003,1.30341,1.09668,0.88908,0.699917,0.550984,0.438282],[0.389201],[0.402745],[0.445171],[0.499858],[0.542191,0.497723],[0.527053,0.471111],[0.492443],[0.519,0.465645],[0.494014],[0.525142,0.461504],[0.48621],[0.507523,0.435491],[0.456769],[0.469135],[0.482474],[0.496675],[0.502576,0.421125],[0.417901],[0.421346],[0.434657],[0.449348],[0.470799],[0.503583,0.442337],[0.481189],[0.519746,0.473127],[0.520394,0.476684],[0.518446,0.465712],[0.495507],[0.505551,0.455912],[0.466557],[0.485658],[0.495655],[0.514935,0.451658],[0.467265],[0.475687],[0.486307],[0.500994,0.430186],[0.447302],[0.466494],[0.496736],[0.523725,0.455379],[0.485959],[0.51301,0.445935],[0.477254],[0.519306,0.45386],[0.489443],[0.525736,0.46416],[0.498167],[0.528024]};
time = 16.2s
size =  50
thresh = 0.5
