dist_err_vel = {[2.98514,2.98514,2.96608,2.90808,2.84109,2.77309,2.70516,2.63616,2.56829,2.5013,2.43148,2.36373,2.29413,2.22616,2.16357,2.10172,2.03438,1.96899,1.90678,1.83699,1.7681,1.70266,1.6391,1.5807,1.51917,1.45909,1.40307,1.35029,1.29405,1.23937,1.18134,1.12439,1.06756,1.00958,0.951129,0.900639,0.849366,0.797329,0.741861,0.691538,0.6371,0.592968,0.551159,0.498088],[0.512893,0.466457],[0.512039,0.474699],[0.538724,0.503237,0.462718],[0.520137,0.490604],[0.533372,0.500386,0.455783],[0.491368],[0.532014,0.49509],[0.535712,0.489664],[0.53144,0.488456],[0.53728,0.49254],[0.527158,0.482415],[0.522736,0.48034],[0.523802,0.475841],[0.519465,0.464207],[0.492694],[0.530619,0.480434],[0.506099,0.442781],[0.474804],[0.514249,0.44585],[0.490982],[0.540002,0.486442],[0.538993,0.488461],[0.552595,0.517904,0.474337],[0.544431,0.509719,0.468937],[0.529786,0.500373,0.46252],[0.52069,0.481219],[0.528164,0.484456],[0.517773,0.477909],[0.497961],[0.52377,0.482352],[0.510975,0.465238],[0.498347],[0.528453,0.489707],[0.5335,0.492886],[0.528734,0.48636],[0.531158,0.491332],[0.535067,0.491474],[0.54395,0.500664,0.457499],[0.511661,0.468569],[0.524866,0.4749],[0.533086,0.490096],[0.54979,0.499765],[0.548608,0.505531,0.462418],[0.50644,0.458543],[0.515213,0.462707],[0.510975,0.456518],[0.501031,0.458032],[0.502261,0.465375],[0.508186]};
time = 28.2s
size =  50
thresh = 0.5
set_speed = 0.3
