xte_carrot = [1.94397,1.94397,1.83781,1.73249,1.5652,1.40992,1.26235,1.09748,0.995068,0.938729,0.87621,0.857035,0.887806,0.286121,0.316124,0.257939,0.194755,0.0888957,0.101338,0.2497,0.368197,0.437092,0.415242,0.372232,0.278155,0.160402,0.0149424,0.117584,0.304048,0.443143,0.548264,0.563547,0.55163,0.535402,0.52668,0.549317,0.609363,0.7133,0.891299,1.05916,1.16551,1.19949,1.21851,1.23232,1.27385,1.34596,1.48338,1.6462,1.80907,1.88006,1.90779,1.90835,1.91467,1.9374,1.96242,2.01404,2.12317,2.24703,2.42089,2.52212,2.58118,2.62395,2.66805,2.71937,2.80689,2.96517,3.14115,3.27185,3.34341,3.37994,3.39429,3.40669,3.43101,3.49365,3.55284,3.67798,3.8289,3.94873,4.03166,4.08201,4.10016,4.13889,4.20122,4.32633,4.47792,4.63236,4.73662,4.8015,4.83635,4.85845,4.88931,4.92836,4.982,5.11145,5.24116,5.39834,5.48053];
time = 21.8s
set_speed = 1
