dist_err_pos = {[,,,,,,,,,,,,,,,,,,,,,,,,,,,,],[0.355668],[0.327269],[0.362874],[0.443318],[0.526277,0.512956,0.474348],[0.525124,0.480312],[0.545564,0.47851],[0.525833,0.457792],[0.513626,0.455964],[0.507575,0.44836],[0.50977,0.440388],[0.49081],[0.545217,0.479975],[0.522454,0.460135],[0.505794,0.437042],[0.476268],[0.527599,0.460213],[0.501513,0.424393],[0.474908],[0.509762,0.438096],[0.475148],[0.518413,0.44485],[0.496265],[0.524213,0.448061],[0.495276],[0.536005,0.458223],[0.49592],[0.556394,0.465366],[0.517695,0.425701],[0.46791],[0.523107,0.445349],[0.489031],[0.544908,0.460749],[0.515631,0.427644],[0.472286],[0.52232,0.43895],[0.488761],[0.539049,0.464606],[0.511973,0.432448],[0.486787],[0.528193,0.454455],[0.49618],[0.534897,0.448728],[0.49495],[0.535892,0.457899],[0.498648],[0.531592,0.444836],[0.486437],[0.524704],[0.484579],[0.510477,0.424818],[0.478468],[0.532706,0.442767],[0.497678],[0.541777,0.470914],[0.507333,0.43388],[0.47697],[0.516724,0.432842],[0.478873],[0.532085,0.460659],[0.506492,0.421725],[0.467384],[0.522212,0.436732],[0.494238],[0.5431,0.466316],[0.520253,0.437725],[0.491512],[0.53988,0.465224],[0.523592,0.443127],[0.487916],[0.545002,0.47055],[0.529246,0.453427],[0.506806,0.425879],[0.486828],[0.539256,0.454549],[0.508134,0.414099],[0.459005],[0.513097,0.427942],[0.478084],[0.529827,0.45972],[0.51099,0.426222],[0.471884],[0.525428,0.455409],[0.506698,0.422959],[0.474368],[0.523979,0.447533],[0.486829],[0.528132,0.456797],[0.50103,0.424196],[0.470731],[0.51574,0.442587],[0.486429],[0.550078,0.462852],[0.506273,0.423813],[0.461397],[0.516722,0.434908],[0.486318],[0.530954],[0.510473,0.433906],[0.474902],[0.515725,0.432289],[0.486127],[0.538076,0.453607],[0.501867,0.423461],[0.458188],[0.510967,0.433801],[0.472105],[0.517864,0.437755],[0.485534],[0.525445,0.444657],[0.489426],[0.528095,0.438331],[0.472403],[0.508648,0.431423],[0.461014],[0.501716,0.412688],[0.457498],[0.517393,0.427819],[0.47278],[0.51217,0.435486],[0.467935],[0.516027,0.440686],[0.487215],[0.5256,0.449188],[0.481347],[0.53496,0.45063],[0.493058],[0.534247,0.456234],[0.498216],[0.554725,0.460479],[0.509763,0.421543],[0.461654],[0.508864,0.435857],[0.468733],[0.519469,0.43163],[0.477839],[0.511539,0.436729],[0.47322],[0.516731,0.434207],[0.477297],[0.504166,0.422211],[0.455831],[0.504231,0.394814],[0.446105],[0.465064],[0.518171,0.414834],[0.45773]};
time = 52s
size =  50
thresh = 0.5
