dist_err_carrot = {[6.74649,6.74649,6.73907,6.7353,6.72616,6.71702,6.70358,6.6914,6.67734,6.67233,6.65952,6.65351,6.651,6.64787,6.64662,6.64411,6.63973,6.63535,6.63098,6.62786,6.62599,6.62061,6.61998,6.61523,6.61335,6.61148,6.60899,6.60299,6.60174,6.60735,6.60299,6.59864,6.5974,6.59678,6.58955,6.58521,6.58211,6.57612,6.57612,6.57736,6.57426,6.57805,6.5762,6.57435,6.57311,6.57848,6.58538,6.59136,6.59366,6.58615,6.58907,6.58968,6.58291,6.53896,6.46008,6.37721,6.28816,6.19253,6.09427,6.00409,5.9052,5.80402,5.70207,5.60216,5.48979,5.38735,5.29276,5.19209,5.08502,4.98496,4.87408,4.78359,4.67558,4.57169,4.47452,4.36424,4.2632,4.15188,4.05197,3.94123,3.84019,3.7299,3.63,3.52142,3.42095,3.31408,3.20438,3.10447,2.99534,2.87949,2.77957,2.66875,2.56997,2.46559,2.36161,2.25955,2.14889,2.04725,1.94102,1.83613,1.73109,1.62552,1.51882,1.41218,1.31289,1.20924,1.1063,1.00712,0.895788,0.790698,0.688602,0.575187,0.470684,0.361875,0.260768,0.16963,0.0738251,0.080422,0.150839,0.227966,0.198373,0.21443,0.177746,0.184842,0.136634,0.117955,0.141587,0.0707417,0.0699009,0.122565,0.0914961,0.117958,0.0682225,0.13709,0.114545,0.181719,0.186438,0.228044,0.205434,0.200502,0.137754,0.114494,0.0410115,0.0878706,0.075363,0.147323,0.121749,0.0882911,0.134481,0.083085,0.0797997,0.158825,0.184236,0.219775,0.212491,0.22174,0.188098,0.177276,0.127328,0.111089,0.0496565,0.0878978,0.0496811,0.149298,0.115739,0.0831698,0.0682742,0.156924,0.155006,0.166915,0.209459,0.193376,0.213545,0.159139,0.167377,0.103196,0.104012,0.0454374,0.0927086,0.0591976,0.146297,0.09932,0.0554245,0.12697,0.0932983,0.182294,0.175671,0.167733,0.17559,0.194911,0.126989,0.149695,0.0653697,0.129053,0.104565,0.107888,0.177519,0.15459,0.0997415,0.0174251,0.105946,0.120739,0.176402,0.18221,0.210784,0.173059]};
time = 41s
size =  50
set_speed = 0.5
