dist_err_carrot = {[,,,,,,,,,,,,,,,,,,,,,,,,,,,,,,,,,,,0.0458394,0.105228,0.154082,0.140153,0.126268,0.166529,0.150178,0.195129,0.141616,0.149473,0.0801693,0.153361,0.112346,0.0648465,0.132908,0.104188,0.108464,0.168018,0.123159,0.0836761,0.152854,0.144168,0.177886,0.120296,0.174251,0.129179,0.103171,0.131809,0.0940703,0.0692004,0.143347,0.121807,0.0654785,0.160945,0.143465,0.164879,0.223308,0.192443,0.173615,0.191916,0.160494,0.203681,0.144646,0.102987,0.0558041,0.138663,0.126912,0.0938754,0.0874634,0.0787635,0.172641,0.166718,0.161173,0.155239,0.205315,0.171366,0.140679,0.166407,0.127923,0.0869443,0.154152,0.131824,0.117023,0.0863797,0.0797521,0.186456,0.172831,0.155744,0.139833,0.117253,0.166959,0.151655,0.12718,,0.147835,0.106328,0.0826935,0.0706586,0.169976,0.185619,0.180101,0.16776,0.170884,0.156752,0.213641,0.187439,0.167422,0.210522,0.187597,0.154122,0.109246,0.164687,0.131665,0.0979687,0.0652694,0.168927,0.155967,0.145254,0.130384,0.121159,0.130839,0.194686,0.18805,0.173918,0.203616,0.163333,0.207615,0.165476,0.115468,0.0657696,0.137161,0.0962588,0.0873318,0.0717725,0.0708774,0.171964,0.157336,0.166276,0.170859,0.225484,0.197276,0.183445,0.218267,0.182147,0.14011,0.186131,0.146595,0.108811,0.0686624,0.0464406,0.154632,0.143552,0.136252,0.133518,0.136459,0.229388,0.220783,0.200162,0.213676,0.181791,0.204792,0.147464,0.0961937,0.145634,0.109681,0.0762418,0.0579961,0.176643,0.167204,0.140075,0.153755,0.147109,0.171316,0.222834,0.21023,0.195988,0.214612,0.172903,0.200556,0.149239,0.110735,0.0617994,0.148255,0.12501,0.108289,0.0945991,0.076153,0.197417,0.186604,0.173403,0.167778,0.230871,0.188939,0.15894,0.198813,0.14547,0.094295,0.151088,0.0968815,0.072714,0.0489033,0.152539,0.124615,0.106942,0.102561,0.106878,0.176348,0.166914,0.173029,0.210407,0.182265,0.157618,0.173721,0.150295,0.114776,0.192114,0.166529,0.135793,0.10923,0.0984712,0.0930951,0.0936384]};
time = 47.6s
size =  50
set_speed = 0.5
,,,,,,,,,,,,,,,,,,,,,,,,,,,,,,,,,,,,,,,,,,,,,,,,,,,,,,,,,,,,,,,,,,,,,,,,,,,,,,,,,,,,,,,,,,,,,,,,,,,,,,,,,,,,,,,,,,,,,,,,,,,,,,,,,,,,,,,,,,,,,,,,,,,,,,,,,,,,,,,,,,,,,,,,,,,,,,,,,,,,,,,,,,,,,,,,,,,,,,,,,,,,,,,,,,,,,,,,,,,,,,,,,,,,,,,,,,,,,,,,,,,,,,,,,,,,,,,,,