dist_err_pos = {[,,,,,,,,,,,,,,,],[0.331095],[0.348544],[0.406471,0.384694],[0.450027,0.404096,0.353815],[0.424363,0.366087],[0.439238,0.399844],[0.46062,0.411467,0.358775],[0.413485,0.354748],[0.418253,0.355491],[0.41345,0.348894],[0.411485,0.342359],[0.400402,0.332736],[0.385401],[0.446696,0.37393],[0.427846,0.359027],[0.419339,0.357064],[0.412894,0.338352],[0.399659],[0.449553,0.360539],[0.411817,0.323799],[0.387405],[0.426587,0.361391],[0.397828],[0.453135,0.371624],[0.420678,0.332869],[0.38515],[0.419515,0.347716],[0.396395],[0.455951,0.369419],[0.423092,0.331923],[0.386793],[0.433738,0.362425],[0.402287,0.32768],[0.370533],[0.429398,0.341296],[0.391224],[0.42949,0.357528],[0.39305],[0.442899,0.35545],[0.408275,0.317579],[0.368631],[0.399362],[0.461467,0.365175],[0.410301,0.321737],[0.366749],[0.403244,0.336187],[0.374086],[0.418244,0.332899],[0.363431],[0.319775],[0.372067],[0.408292,0.342547],[0.365783],[0.414506,0.333003],[0.383338],[0.428152,0.361484],[0.39755],[0.450741,0.372317],[0.42717,0.338025],[0.38359],[0.421384,0.366174],[0.401276,0.33445],[0.384212],[0.428051,0.349264],[0.391273],[0.43626,0.37671],[0.402072,0.331938],[0.36594],[0.426345,0.340195],[0.383866],[0.418855,0.356712],[0.388902],[0.446383,0.361512],[0.411642,0.328078],[0.378415],[0.411373,0.340367],[0.376787],[0.432629,0.353296],[0.393507],[0.43568,0.359384],[0.401404,0.326733],[0.36856],[0.420948,0.342461],[0.402472,0.327311],[0.371427],[0.412829,0.342339],[0.380449],[0.428651,0.33759],[0.385149],[0.423462,0.351736],[0.392102],[0.443224,0.363875],[0.412091,0.334354],[0.381294],[0.434387,0.359703],[0.39827],[0.431581,0.356147],[0.395183],[0.36797],[0.421249,0.337203],[0.392023],[0.429663,0.368379],[0.402831,0.33417],[0.373084],[0.422383,0.345899],[0.378477],[0.434375,0.350578],[0.406517,0.329053],[0.382814],[0.428146,0.36057],[0.405639,0.333677],[0.376639],[0.432363,0.351961],[0.399684],[0.434316,0.356668],[0.405975,0.33413],[0.392936],[0.438005,0.37506],[0.40504,0.341102],[0.377923],[0.442773,0.351536],[0.399339],[0.439819,0.3672],[0.403818,0.334033],[0.375264],[0.434093,0.353016],[0.409148,0.330146],[0.38143],[0.425201,0.35831],[0.395392],[0.451095,0.35392],[0.400073,0.307309],[0.353688],[0.395953],[0.449615,0.35678],[0.407717,0.315122],[0.349494],[0.391527],[0.436641,0.358001],[0.403028,0.332433],[0.367551],[0.415478,0.338951],[0.389775],[0.427631,0.348585],[0.385663],[0.431317,0.328578],[0.380067]};
time = 50.6s
size =  50
thresh = 0.4
],[,,,,,,,,,,,,,,,,,,,,,,,,,,,,