xte_vel = [2.45867,2.45867,2.36346,2.27126,2.23655,2.21224,2.18168,2.15113,2.11584,2.08523,2.04796,2.00871,1.96683,1.92297,1.88136,1.83616,1.78337,1.73747,1.6888,1.64501,1.6036,1.56091,1.51853,1.48323,1.44527,1.40743,1.37134,1.33553,1.30088,1.26829,1.24033,1.21298,1.19187,1.16586,1.14693,1.12497,1.10979,1.08924,1.07133,1.05903,1.03816,1.0234,1.00133,0.982456,0.969514,0.950151,0.922252,0.902924,0.881897,0.866917,0.843161,0.82172,0.804367,0.791757,0.778576,0.76482,0.749331,0.73095,0.710101,0.690428,0.669589,0.643672,0.619292,0.594915,0.572316,0.548276,0.52442,0.507201,0.488403,0.470212,0.452938,0.435535,0.413315,0.0745229,0.0834589,0.0838552,0.0762206,0.067842,0.0692634,0.0746479,0.0801645,0.0748287,0.0718053,0.0682521,0.07235,0.07073,0.0711882,0.0639594,0.0771483,0.0815271,0.0788677,0.0668024,0.0562472,0.056221,0.0512377,0.0496619,0.0451187,0.0446625,0.049538,0.0456522,0.0405952,0.0394983,0.0371159,0.0286368,0.0244893,0.0215422,0.0259705,0.0302765,0.0315234,0.03411,0.0281229,0.0237544,0.0225415,0.0182155,0.0117727,0.0132452,0.0184426,0.0312725,0.0387684,0.0384773,0.0330888,0.0328465,0.0282768,0.0244851,0.0252867,0.0227054,0.0212464,0.0242591,0.0315693,0.0315472,0.0268792,0.0215633,0.0190046,0.018989,0.0120276,0.0118261,0.00123889,0.00980105,0.0106017,0.0185602,0.0192784,0.0244349,0.0211073,0.0215782,0.022691,0.0250666,0.0295243,0.0374219,0.0366346,0.0370289,0.0439831,0.0447176,0.0336971,0.034479,0.0283886,0.0226648,0.0129533,0.0104814,0.0173786,0.0214855,0.0196416,0.0271852,0.0250525,0.0245409,0.0316403,0.0303489,0.0264905,0.0210549,0.0207704,0.0219762,0.0216365,0.0229224,0.0200137,0.0230189,0.0235608,0.030768,0.0361236,0.0419069,0.0341622,0.0305317,0.0276387,0.0165556,0.0136574,0.0192705,0.0155391,0.0126206,0.0174032,0.0141411,0.0142849,0.0141291,0.02177,0.0242704,0.0258316,0.0356212,0.0383668,0.0378719,0.0381856,0.0344636,0.0227035,0.0190634,0.0162643,0.0119539,0.012262,0.0121688,0.0131783,0.0140596,0.0205271,0.0249964,0.0252899,0.0248413,0.0214355,0.0147825,0.00403264,0.007155,0.0123581,0.0135695,0.01318,0.00963867,0.00912944,0.00703164,0.00697782,0.0121348,0.0128456,0.015696,0.0140014,0.00570495,0.0112695,0.012997,0.0114998,0.0127131,0.0136473,0.0126235,0.020241,0.0292945,0.0262445,0.0271207,0.0312366,0.0316442,0.0386595,0.0351044,0.0296653,0.0273743,0.0273305,0.0219993,0.0127149,0.00601625,0.00752631,0.00707653,0.0121413];
time = 56s
thresh = 0.1
set_speed = 0.2
