xte_carrot = [1.85553,1.85553,1.74334,1.6553,1.58282,1.51035,1.44169,1.37798,1.31349,1.24825,1.19016,1.13156,1.07038,1.00761,0.946466,0.884876,0.825828,0.0859869,0.0783479,0.0452308,0.0110849,0.0321884,0.0739716,0.106853,0.125692,0.125777,0.111423,0.0961466,0.0747939,0.0444573,0.0397446,0.0793482,0.124019,0.145016,0.144272,0.117136,0.071247,0.025082,0.0467992,0.0927978,0.12999,0.159595,0.162203,0.155256,0.139634,0.112627,0.0730783,0.0380738,0.0356439,0.0751833,0.10937,0.135012,0.143403,0.129643,0.1046,0.0813406,0.0448161,0.0501756,0.092756,0.139035,0.17845,0.183151,0.16409,0.126901,0.0787694,0.0285622,0.0359953,0.0747396,0.125959,0.152824,0.165115,0.14431,0.116737,0.0703383,0.0507824,0.078202,0.119171,0.153613,0.178043,0.177586,0.151964,0.125645,0.0805188,0.033449,0.0408096,0.0938337,0.151961,0.183424,0.190874,0.185457,0.153494,0.114111,0.0664648,0.0228188,0.0532955,0.110412,0.156841,0.182285,0.17491,0.147945,0.110761,0.0618493,0.00775889,0.0490768,0.104447,0.141822,0.172445];
time = 24.4s
set_speed = 0.5
