dist_err_vel = {[3.19102,3.19102,3.17602,3.14002,3.09402,3.05002,3.00708,2.96309,2.91819,2.87421,2.82537,2.78142,2.73542,2.69243,2.64844,2.60545,2.56167,2.52395,2.48429,2.44531,2.39879,2.35283,2.30632,2.26037,2.21054,2.16362,2.11637,2.07147,2.02633,1.97133,1.92249,1.88159,1.83976,1.79097,1.74717,1.70749,1.66474,1.62895,1.57957,1.53457,1.4879,1.44324,1.40257,1.35994,1.31931,1.28168,1.23813,1.19758,1.15725,1.11677,1.07535,1.03113,0.995243,0.947495,0.905436,0.860203,0.812302,0.765513,0.717915,0.673414,0.630088,0.584429,0.539262,0.494668,0.452488,0.412247,0.37301,0.330134,0.296952,0.257322,0.217147,0.17333],[0.223559,0.186005],[0.287961,0.265351,0.243507,0.22199,0.177886],[0.26827,0.235195,0.193454],[0.277961,0.247951,0.218874,0.187147],[0.272686,0.241805,0.19852],[0.283797,0.250457,0.218684,0.182245],[0.276586,0.245194,0.215065,0.178554],[0.261763,0.229997,0.19302],[0.282517,0.247982,0.211966,0.177356],[0.267157,0.24164,0.217181,0.188717],[0.282027,0.259745,0.222689,0.201422,0.173533],[0.266825,0.228996,0.200729,0.171222],[0.26728,0.230313,0.200808,0.171598],[0.262346,0.226164,0.197696],[0.286323,0.251031,0.209863,0.164813],[0.253963,0.215827,0.184432],[0.275078,0.238503,0.201865,0.159262],[0.243527,0.20609,0.156718],[0.241624,0.202336,0.165417],[0.252384,0.202451,0.154668],[0.239659,0.199867],[0.284107,0.247892,0.203251,0.163875],[0.244077,0.204554,0.160226],[0.243814,0.20917,0.163755],[0.240776,0.195035],[0.261544,0.22783,0.172766],[0.266978,0.213338,0.184146],[0.258295,0.228891,0.191595],[0.276844,0.237081,0.192853],[0.279594,0.236186,0.196343],[0.283515,0.251635,0.21217,0.168065],[0.2642,0.232918,0.201404,0.169752],[0.272255,0.23476,0.203948,0.166835],[0.262832,0.219184,0.175686],[0.267283,0.227956,0.177989],[0.26606,0.209654,0.170561],[0.251967,0.213587,0.16819],[0.251794,0.208533,0.171982],[0.263161,0.212729,0.166438],[0.251971,0.206297,0.173833],[0.26304,0.220738,0.178427],[0.263763,0.221139,0.198238],[0.282542,0.253966,0.220822,0.190519],[0.276689,0.249059,0.219329,0.192695],[0.274904,0.248374,0.212407,0.180349],[0.262786,0.225272,0.178369],[0.277866,0.253293,0.224379,0.19462],[0.285106,0.252377,0.223985,0.203326,0.177871],[0.256135]};
time = 47.2s
size =  50
thresh = 0.2
set_speed = 0.2
