dist_err_carrot = {[3.08302,3.08302,3.05702,2.96102,2.84706,2.73307,2.61509,2.5001,2.3821,2.27011,2.15711,2.04715,1.93616,1.82914,1.71533,1.60535,1.49538,1.38972,1.28021,1.1739,1.07109,0.968142,0.865516,0.765199,0.666971,0.56506,0.465594,0.362283,0.262787,0.167119,0.0895893,0.0873389,0.128482,0.127938,0.10554,0.105767,0.0639022,0.15324,0.164409,0.180417,0.201516,0.181954,0.21155,0.201586,0.215781,0.201856,0.218267,0.213918,0.194423,0.231462,0.210047,0.196968,0.16394,0.150484,0.121831,0.114377,0.10022,0.120591,0.151882,0.179457,0.20587,0.213762,0.235507,0.221897,0.213754,0.178974,0.147324,0.131559,0.0608165,0.0738034,0.042996,0.107728,0.0784848,0.0288161,0.0810383,0.0649519,0.142878,0.212961,0.18192,0.200417,0.158092,0.131405,0.118433,0.0500988,0.0810965,0.0848547,0.169404,0.173029,0.160255,0.13129,0.0788809,0.0480922,0.125313,0.160081,0.194055,0.207738,0.183244,0.137511,0.0723531,0.0575013,0.0993026,0.110042,0.165947,0.188172,0.202777,0.181044,0.195336,0.151091,0.189985,0.159177,0.224641,0.196408,0.199145]};
time = 22.4s
size =  50
set_speed = 0.5
