dist_err_carrot = {[,,,,,,,,,,,,,,,,,,,,,,,,,,,,,,,,,,,,,,,,,,,,,,,,,,,,,,,,,,,,,,,,,,,,,,,,0.0154265,0.0992708,0.173269,0.193019,0.22552,0.266404,0.244067,0.256829,0.218756,0.214967,0.149445,0.146988,0.0835745,0.132394,0.0918812,0.0747124,0.148738,0.111207,0.0513442,0.134384,0.130612,0.216426,0.229168,0.26415,0.235193,0.234084,0.185203,0.146446,0.13191,0.0546921,0.0762901,0.0536679,0.129808,0.119716,0.0925445,0.136356,0.0711362,0.0395759,0.114587,0.192295,0.172667,0.204062,0.146801,0.139186,0.0684634,0.0802876,0.0331227,0.11347,0.103166,0.0856441,0.142268,0.0863006,0.0332199,0.112183,0.12666,0.186559,0.174234,0.201397,0.15085,0.16199,0.0920251,0.133328,0.0747686,0.0635785,0.161133,0.158037,0.126472,0.0729699,0.14182,0.113526,0.132924,0.19916,0.212919,0.236173,0.204333,0.197023,0.14028,0.133037,0.0616537,0.125737,0.0987996,0.104819,0.104584,0.187946,0.154757,0.119259,,0.198212,0.218954,0.19161,0.183552,0.136735,0.13739,0.0878493,0.145652,0.111343,0.0936363,0.0850901,0.173201,0.155478,0.124714,0.100833,0.134137,0.20847,0.215015,0.261833,0.239534,0.239879,0.182629,0.180639,0.105481,0.138705,0.0906917,0.0649442,0.168234,0.154726,0.128751,0.0760564,0.0511868,0.139091,0.156556,0.216809,0.21149,0.22958,0.196527,0.192395,0.135558,0.155023,0.0955673,0.0494718,0.130898,0.0957369,0.083346,0.0400281,0.118551,0.101874,0.107124,0.193644,0.180832,0.221646,0.175058,0.198344,0.12794,0.0614415,0.090036,0.0626343,0.163585,0.151363,0.131223,0.0978007,0.0637343,0.168951,0.163199,0.178016,0.230267,0.212777,0.242653,0.19443,0.146369,0.1568,0.0980018,0.0523565,,0.0903416,0.074685,0.0507304,0.158925,0.1472,0.15558,0.228518,0.216076,0.198066,0.208578,0.16025,0.177713,0.114134,0.0531948,0.108156,0.0857067,0.0678705,0.157007,0.13346,0.112103,0.106542,0.203759,0.194374,0.194206,0.221917,0.178135,0.188018,0.128372,0.153835,0.0916574,0.05763,0.147375,0.131021,0.110412,0.101251,0.0736869,0.141917,0.129728,0.147229,0.205192,0.18535,0.226631,0.18581,0.146232,0.173666,0.131858,0.0858116,0.158818,0.134887,0.119238,0.108045,0.0896382,0.0763907,0.178211,0.183838,0.177341,0.167192,0.204488,0.171475,0.154387,0.166602,0.124419,0.165472,0.117763,0.0830185,0.051263,0.153343,0.136585,0.12113]};
time = 61s
size =  50
set_speed = 0.5
,,,,,,,,,,,,,,,,,,,,,,,,,,,,,,,,,,,,,,,,,,,,,,,,,,,,,