dist_err_carrot = {[3.18876,3.18876,3.17472,3.12173,3.05975,2.99603,2.93605,2.8724,2.80843,2.74485,2.67889,2.62438,2.56395,2.50458,2.44367,2.38541,2.32752,2.27636,2.21931,2.16045,2.10163,2.04781,1.99299,1.94317,1.88938,1.8356,1.77784,1.72309,1.66438,1.6037,1.54404,1.48419,1.4305,1.37687,1.32026,1.26641,1.20995,1.15557,1.09708,1.04091,0.982564,0.922997,0.863561,0.809839,0.754412,0.700574,0.644589,0.589003,0.533919,0.481523,0.432712,0.380956,0.329233,0.275085,0.223016,0.168705,0.116493,0.0633169,0.0354512,0.0410935,0.0435838,0.0444669,0.0588914,0.0936199,0.0564708,0.0758979,0.105756,0.0668685,0.0613676,0.0854256,0.0417801,0.0379411,0.0732643,0.0157128,0.0516083,0.0955651,0.0375762,0.0794338,0.0379867,0.0594375,0.120171,0.0547278,0.102811,0.0655022,0.0817551,0.121096,0.0666855,0.0883613,0.0386557,0.0588175,0.0995636,0.0335206,0.0744125,0.0217563,0.051294,0.101277,0.0299633,0.0792321,0.0329455,0.0711512,0.111786,0.0582849,0.095548,0.0554137,0.0658358,0.109383,0.0489929,0.0864453,0.0252662,0.0616392,0.129934,0.0612525,0.113185,0.0488515,0.0986299,0.0455941,0.0907424,0.0544058,0.0787202,0.133119,0.0690654,0.122902,0.062406,0.112446,0.0556449,0.0916217,0.0483033,0.0847287,0.0539527,0.087717,0.0612935,0.0891993,0.134257,0.0864397,0.115588,0.0760267,0.0898867,0.126595,0.0736527,0.0991914,0.0706849,0.0890252,0.123919,0.0750418,0.0950401,0.0545145,0.0656621,0.106553,0.05519,0.0747886,0.116574,0.0714783,0.0912585,0.0639682,0.0747122,0.119367,0.0605369,0.0922195,0.0422568,0.0688081,0.11408,0.0625404,0.0978498,0.0450822,0.0646707,0.106429,0.0407746,0.0890538,0.0307732,0.0653705,0.114594,0.0595584,0.0982968,0.0487975,0.0777336,0.11977,0.0566776,0.0876788,0.0510621,0.0677774,0.102097,0.0538289]};
time = 36.2s
size =  50
set_speed = 0.3
