xte_vel = [0.353942,0.362666,0.349559,0.342043,0.324177,0.310525,0.301053,0.290777,0.292887,0.28242,0.274783,0.262898,0.254139,0.243578,0.238836,0.229506,0.224772,0.221535,0.216289,0.213163,0.206059,0.204067,0.207353,0.205875,0.204014,0.197359,0.199933,0.196884,0.198127,0.195505,0.196196,0.195685,0.188469,0.187131,0.181279,0.178161,0.165731,0.162746,0.156185,0.14668,0.136845,0.126049,0.116262,0.109321,0.0991028,0.0903276,0.0837075,0.0783197,0.0752602,0.0727805,0.0692947,0.0687786,0.0677116,0.0569532,0.0476693,0.0304353,0.0139642,0.0155549,0.0182803,0.0317441,0.0529174,0.0697216,0.0922042,0.119825,0.1556,0.184722,0.214937,0.257015,0.284039,0.307291,0.313488,0.31731,0.306562,0.283424,0.27974,0.269169,0.267552,0.269453,0.272249,0.273297,0.273611,0.284772,0.281057,0.287404,0.279181,0.280025,0.276241,0.265032,0.25659,0.254688,0.241805,0.238716,0.233029,0.229803,0.21977,0.212775,0.212966,0.202018,0.200196,0.191108,0.185947,0.175894,0.166442,0.154819,0.147931,0.139361,0.134679,0.130014,0.131059,0.130178,0.127568,0.125541,0.120682,0.114384,0.109395,0.105553,0.102317,0.101125];
time = 40.4s
thresh = 0.5
set_speed = 0.2
