xte_vel = [0.0719077,0.0460257,0.0280124,0.027858,0.0540864,0.0792671,0.0952023,0.108571,0.11937,0.133106,0.130835,0.128621,0.129771,0.128571,0.116457,0.111587,0.102797,0.0927443,0.0961084,0.0977392,0.10985,0.10646,0.118844,0.123661,0.133028,0.133662,0.13604,0.133831,0.130456,0.126219,0.116284,0.104178,0.0998384,0.0914633,0.0982293,0.0991712,0.107876,0.112906,0.121128,0.127792,0.140245,0.146718,0.153826,0.147911,0.146132,0.154054,0.14439,0.143787,0.143658,0.153669,0.139248,0.138826,0.135265,0.131939,0.134149,0.133996,0.137034,0.154769,0.150712,0.162978,0.168134,0.168097,0.16533,0.156403,0.1436510.0846073,0.0844645,0.0777591,0.0896351,0.0957804,0.100799,0.113854,0.126912,0.131186,0.137495,0.144151,0.142756,0.147737,0.137453,0.132395,0.126235,0.118953,0.112061,0.117452,0.104585,0.11236,0.112319,0.124531,0.139416,0.147154,0.165871,0.161205,0.176801,0.18036,0.182075,0.176934,0.18196,0.173069,0.176849,0.162765,0.165768,0.168152,0.153698,0.146118,0.133373,0.128596,0.137876,0.127409,0.135401,0.140149,0.143787,0.133934,0.131351,0.126926,0.121676,0.123573,0.124203,0.122908,0.118697,0.121263,0.112981,0.112254,0.114911,0.116109,0.121564,0.121677,0.120845,0.1211990.10217,0.100177,0.103492,0.10722,0.114635,0.12144,0.130926,0.135089,0.144724,0.148667,0.144196,0.145267,0.136892,0.131037,0.121713,0.102118,0.106081,0.0989386,0.105476,0.115305,0.130375,0.13767,0.150183,0.158058,0.16134,0.163104,0.151829,0.138195,0.123974,0.110339,0.103521,0.0967522,0.0870086,0.0955745,0.0918829,0.102617,0.106025,0.11988,0.131045,0.138564,0.140093,0.159893,0.161596,0.15635,0.147592,0.142211,0.127389,0.123841,0.112268,0.115699,0.136784,0.140104,0.162822,0.169823,0.186381,0.189587,0.19544,0.192022,0.191334,0.185477,0.184826];
time = 45.8s
thresh = 0.3
set_speed = 0.5
,