xte_pos = [,,,,,,,,,,,0.335011,0.323727,0.301975,0.2931,0.27159,0.263312,0.246288,0.24002,0.226538,0.225672,0.213909,0.209446,0.198362,0.195039,0.184617,0.186231,0.180129,0.185,0.179009,0.179319,0.175433,0.177226,0.169093,0.173005,0.166328,0.16903,0.164031,0.168137,0.174177,0.165018,0.166068,0.158379,0.152044,0.141381,0.141097,0.144002,0.138,0.13602,0.125171,0.12,0.110046,0.108183,0.103715,0.102543,0.0987375,0.101937,0.0989749,0.100649,0.100737,0.104473,0.102035,0.106989,0.104074,0.117778,0.112795,0.109019,0.104369,0.0966728,0.101125,0.0865723,0.0825933,0.0789344,0.0767129,0.071762,0.0633172,0.0585287,0.0534841,0.0546022,0.0524874,0.0480743,0.032792,0.0285834,0.0283483,0.0234958,0.0198908,0.0196361,0.0270683,0.02358740.0638636,0.0650952,0.0672418,0.0752459,0.0706575,0.0653367,0.0651179,0.0645658,0.0749593,0.0798545,0.0823397,0.0932131,0.101164,0.0921096,0.0929541,0.0895392,0.0902982,0.089362,0.0813387,0.0822672,0.0873296,0.0787746,0.0861207,0.0753183,0.0875142,0.0861697,0.0878127,0.08182,0.0893367,0.0926047,0.0930472,0.0892134,0.0961932,0.0909014,0.0985715,0.0975732,0.0967312,0.088137,0.0829545,0.0819475,0.0770878,0.0736232,0.0678643,0.0663495,0.0633348,0.0682123,0.0672788,0.0726443,0.0633297,0.0765876,0.0749481,0.0849155,0.0951564,0.086545,0.0864879,0.0875995,0.0850476,0.0842791,0.085919,0.0865018,0.0933857,0.0969367,0.104665,0.102039,0.104267,0.103172,0.108504,0.101793,0.0984315,0.0946858,0.0974824,0.0939882,0.08954170.0882536,0.0886232,0.0838128,0.0876899,0.0883358,0.0876962,0.0834224,0.0811171,0.0798298,0.073293,0.0721406,0.0708884,0.0673779,0.0670013,0.0626226,0.0620733,0.0570159,0.0540148,0.0531712,0.0528913,0.0544088,0.0541531,0.0542768,0.0548852,0.0505272,0.0524245,0.0519735,0.054108,0.0490108,0.05138,0.0636548,0.0636169,0.0653777,0.0602213,0.0627476,0.0602827,0.0590753,0.0557741,0.0529823,0.0493276,0.0532415,0.0499821,0.0509518,0.0455537,0.0360569,0.0342408,0.0308093,0.0277883,0.0167307,0.0100941,0.0120173,0.0149806,0.0128192,0.0104522,0.0108338,0.00814057,0.0123215,0.0121696,0.0120917,0.0110005,0.0157411,0.0209086,0.0171734,0.0287878,0.0341882,0.0446129,0.0527134,0.063706];
time = 52s
thresh = 0.5
