dist_err_vel = {[,,,,,,,,,,,,,,,,,,,,,,,,,,,],[0.223482],[0.263145],[0.357781,0.341868,0.304558,0.239],[0.285498],[0.313915,0.234415],[0.271305],[0.320751,0.247249],[0.303355,0.252177],[0.313201,0.266511],[0.316452,0.263722],[0.29363],[0.327604,0.244529],[0.268646],[0.305394,0.206741],[0.230326],[0.255471],[0.30024,0.187931],[0.212715],[0.24307],[0.28243],[0.324986,0.245234],[0.297401],[0.334418,0.249393],[0.282185],[0.316805,0.243521],[0.257032],[0.291167],[0.305296,0.216959],[0.238317],[0.272136],[0.293587],[0.330669,0.234348],[0.265566],[0.290036],[0.328674,0.238128],[0.272059],[0.303019,0.22137],[0.252965],[0.285886],[0.318902,0.238081],[0.268218],[0.300286,0.207041],[0.229255],[0.25855],[0.289595],[0.310143,0.214036],[0.247652],[0.287988],[0.321495],[0.277436],[0.311231,0.229828],[0.262345],[0.298172],[0.341445,0.255804],[0.28722],[0.329714,0.246523],[0.28545],[0.322188,0.244794],[0.2825],[0.31704,0.24022],[0.278563],[0.307454,0.226933],[0.261777],[0.314814,0.225766],[0.260265],[0.297542],[0.339768,0.257388],[0.292703],[0.325906,0.242536],[0.286538],[0.32539,0.24175],[0.276053],[0.325244,0.226934],[0.278821],[0.300827,0.215878],[0.24062],[0.267576],[0.305549,0.218996],[0.26003],[0.314154,0.244495],[0.284105],[0.331694,0.256193],[0.282984],[0.323385,0.248447],[0.275457],[0.309844,0.227117],[0.258561],[0.284086],[0.321,0.242493],[0.284921],[0.310626,0.233471],[0.271425],[0.312066,0.245749],[0.283687],[0.318252,0.247722],[0.302988,0.222457],[0.259714],[0.298742],[0.265333],[0.305554,0.21071],[0.251499],[0.286083],[0.3294,0.23847],[0.278325],[0.31712,0.233701],[0.266593],[0.318374,0.223371],[0.251747],[0.293893],[0.311156,0.220305],[0.257352],[0.284428],[0.309328,0.2158],[0.238856],[0.27925],[0.295672],[0.332605,0.259282],[0.290861],[0.322692,0.251121],[0.283046],[0.320173,0.245648],[0.272417],[0.304345,0.22298],[0.240574],[0.272082],[0.303112,0.217723],[0.257472],[0.291395],[0.324811,0.235787],[0.274375],[0.306709,0.221378],[0.269059],[0.299629],[0.336095,0.262303],[0.307759,0.236888],[0.280526],[0.324403,0.234909],[0.270465],[0.309925,0.228997],[0.264949],[0.300713,0.199145],[0.239555],[0.272023],[0.302853,0.217211],[0.261796],[0.301393,0.226065],[0.259326]};
time = 47.8s
size =  50
thresh = 0.3
set_speed = 0.5
],[,,,,,,,,,,,,,,,,,,,,,,,,,,,,