xte_carrot = [6.27489,6.27489,6.28118,6.27541,6.26694,6.25705,6.24924,6.23552,6.19208,6.12431,6.04796,5.97651,5.88689,5.8063,5.72156,5.63808,5.54343,5.45938,5.36883,5.28373,5.18741,5.11434,5.01625,4.92532,4.83811,4.752,4.64876,4.56638,4.47758,4.38465,4.30363,4.22308,4.12484,4.03709,3.94887,3.8701,3.76778,3.69613,3.60416,3.52275,3.4401,3.35716,3.26053,3.17311,3.0928,2.99556,2.91521,2.82187,2.74133,2.65402,2.55548,2.4624,2.37906,2.29559,2.21508,2.13186,2.04092,1.95613,1.89628,1.80218,1.73091,1.64225,1.57324,1.4984,1.41051,1.32761,1.26788,1.18712,1.11467,1.05434,0.998136,0.171763,0.200235,0.208798,0.215776,0.194316,0.176324,0.14293,0.106466,0.0687527,0.0421713,0.0266069,0.013276,0.0130001,0.0201178,0.0293979,0.0525079,0.0722097,0.082895,0.0757843,0.059276,0.0313164,0.0160348,0.0692056,0.104409,0.151046,0.174006,0.183815,0.172794,0.160843,0.132387,0.108438,0.0943921,0.0606794,0.0341918,0.00982281,0.0095998,0.00571262,0.0311519,0.0656391,0.104003,0.128235,0.146569,0.160236,0.153782,0.147116,0.136392,0.114318,0.0997269,0.0854597,0.0795965,0.0791495,0.0844843,0.0907599,0.1009,0.101418,0.107195,0.0942376,0.0815734,0.041357,0.0010078,0.0592054,0.105115,0.153819,0.177635,0.194121,0.200393,0.18644,0.17796,0.149832,0.131846,0.106721,0.100914,0.0909621,0.101932,0.107267];
time = 31.6s
set_speed = 0.5
