dist_err_carrot = {[2.88022,2.88022,2.7552,2.66294,2.61185,2.55416,2.50086,2.44761,2.39874,2.33891,2.28618,2.24133,2.20186,2.16773,2.13635,2.11934,2.12863,2.12155,2.12537,2.1202,2.1242,2.11689,2.13389,2.13461,2.15486,2.16801,2.18537,2.19736,2.22273,2.22487,2.24429,2.24471,2.26101,2.31014,2.31851,2.33453,2.32455,2.32933,2.31213,2.31358,2.32678,2.31798,2.30399,2.27782,2.26541,2.24443,2.22839,2.19112,2.16265,2.12902,2.10287,2.06747,2.03249,2.00975,1.96777,1.93657,1.89769,1.84423,1.80361,1.74282,1.68917,1.63886,1.59037,1.52924,1.46839,1.40757,1.356,1.3084,1.24766,1.18724,1.1365,1.07537,1.00844,0.94699,0.889489,0.828883,0.768725,0.709071,0.639981,0.577347,0.518928,0.457204,0.395116,0.342305,0.28133,0.229125,0.167135,0.122272,0.0841411,0.0778721,0.108906,0.13786,0.162682,0.180386,0.19403,0.196249,0.203262,0.219679,0.236975,0.2608,0.29288,0.335378,0.383812,0.438261,0.485239,0.530427,0.571268,0.614219,0.661323,0.705521,0.760117,0.81233,0.866428,0.925169,0.985868,1.03841,1.09157,1.13667,1.19146,1.24323,1.289,1.33828,1.38624,1.42899,1.48611,1.53666,1.59255,1.64907,1.70667,1.759,1.82209,1.87288,1.93018,1.97165,2.03118,2.08512,2.13802,2.1818,2.24629,2.29901,2.34586,2.40504,2.45942,2.51269,2.56073,2.61537,2.66244,2.7085,2.7587,2.80411,2.86788,2.91873,2.97317,3.02486,3.08287,3.13295,3.18842,3.23876,3.29591,3.34709,3.39973,3.4554,3.5048,3.56221,3.61366,3.67521,3.74628,3.80713,3.88288,3.95016,4.01524,4.07366,4.13785,4.19298,4.24139,4.28865,4.34461,4.39717,4.46027,4.51701,4.57926,4.64643,4.71247,4.76432,4.83047,4.88026,4.945,5.00483,5.06244,5.12544,5.17594,5.23337,5.28083,5.33624,5.38904,5.44077,5.49577,5.54719,5.60887,5.66233,5.71247,5.77085,5.82102,5.86915,5.91993,5.96865,6.02118,6.06533,6.11877,6.17393,6.21944,6.28621,6.33174,6.37647,6.43453,6.47488,6.52224,6.57223,6.60738,6.65246,6.69485,6.74446,6.78502,6.83928,6.8738,6.92752,6.96786]};
time = 45.2s
size =  50
