dist_err_carrot = {[2.49209,2.49209,2.36078,2.22106,2.02275,1.81419,1.60932,1.40633,1.2177,1.02263,0.84785,0.64719,0.466896,0.262221,0.0833175,0.380014,0.79982,1.12797,1.41499,1.73428,1.86597,1.78652,1.53801,1.11764,0.640811,0.398879,0.921322,1.64692,2.35325,3.04883,3.52515,3.7382,3.69113,3.47391,3.10409,2.69738,2.31824,2.10398,2.17369,2.57841,3.22518,3.83698,4.21228,4.31425,4.20775,3.96156,3.64523,3.34894,3.16312,3.13627,3.35195,3.85002,4.51896,5.07631,5.40128,5.47245,5.35178,5.09404,4.78528,4.47694,4.2394,4.10578,4.13737,4.36846,4.84587,5.46538,5.95828,6.24453,6.30371,6.2082,5.99814,5.73977,5.49039,5.28063,5.15961,5.16468,5.32574,5.65689,6.15399,6.54772,6.74687,6.75718,6.63013,6.42597,6.21081,6.01659,5.91241,5.93344,6.08135,6.4031,6.88184,7.33236,7.57645,7.63715,7.55106,7.37586,7.15156,6.93034,6.74383,6.63612,6.61519,6.71697,7.01421,7.4719]};
time = 20.6s
size =  50
set_speed = 5
