xte_vel = [0.0940838,0.0960774,0.0950259,0.0900326,0.0958541,0.104985,0.1276,0.152205,0.167391,0.190272,0.207982,0.214041,0.22285,0.217505,0.212889,0.198706,0.192048,0.191888,0.175512,0.165407,0.152488,0.132937,0.122197,0.116545,0.108096,0.118669,0.112794,0.129568,0.131815,0.144375,0.149473,0.163287,0.168545,0.176064,0.190867,0.195027,0.190556,0.180954,0.176126,0.165158,0.146556,0.142171,0.134677,0.137707,0.133149,0.126483,0.134663,0.132266,0.131036,0.141071,0.132353,0.138255,0.1434,0.142862,0.149949,0.153842,0.154293,0.154491,0.150438,0.136066,0.130151,0.122403,0.124395,0.116093,0.130459,0.131513,0.142836,0.149283,0.15766,0.169699,0.185134,0.193969,0.203249,0.2113260.223735,0.227332,0.218015,0.213679,0.215193,0.208864,0.20069,0.202225,0.18287,0.181537,0.166078,0.165192,0.152807,0.155016,0.145778,0.143991,0.142312,0.158194,0.161244,0.153696,0.150458,0.159181,0.173335,0.17703,0.17818,0.181618,0.184183,0.18036,0.175656,0.174054,0.179619,0.177006,0.178227,0.192873,0.195441,0.202562,0.202319,0.208199,0.204038,0.203379,0.201813,0.192748,0.188298,0.180343,0.173481,0.167502,0.164287,0.158641,0.153653,0.156898,0.157053,0.163504,0.170591,0.182997,0.180183,0.186128,0.185182,0.182741,0.181524,0.179935,0.174071,0.183164,0.175354,0.165753,0.156748,0.140954,0.137534,0.124682,0.105767,0.101088,0.0927830.0988431,0.110707,0.112844,0.113023,0.10988,0.121205,0.121525,0.126072,0.127604,0.130438,0.132824,0.140674,0.132274,0.129928,0.128705,0.134981,0.125095,0.12718,0.126275,0.119619,0.118751,0.121254,0.12122,0.126874,0.136386,0.135088,0.137919,0.137686,0.134191,0.126369,0.125003,0.127849,0.135079,0.137497,0.143488,0.149823,0.161704,0.163469,0.170663,0.173402,0.176985,0.180698,0.187719,0.181952,0.183144,0.179539,0.173781,0.176977,0.17562,0.173206,0.177297,0.173843,0.177178,0.177016,0.17766,0.201179,0.210566,0.222814,0.217406,0.21253,0.203375,0.187062,0.17077,0.157799,0.143135,0.131721,0.117274,0.118103];
time = 51.6s
thresh = 0.3
set_speed = 0.4
,