xte_vel = [0.0401025,0.0395326,0.0313603,0.027466,0.0260744,0.0269669,0.0327358,0.041995,0.0547793,0.0575445,0.0625349,0.0612645,0.051178,0.0471927,0.0365968,0.0312612,0.0309672,0.0291335,0.0350982,0.0466598,0.0509905,0.0543068,0.0540755,0.0618961,0.0678506,0.0652825,0.0715722,0.0607265,0.0609007,0.0525429,0.0518274,0.0450753,0.0484828,0.0484043,0.0415823,0.0428498,0.041905,0.0415767,0.0448022,0.0430139,0.0407132,0.0398655,0.0339059,0.0370339,0.0381688,0.0423784,0.0399756,0.0362718,0.0339962,0.0331959,0.0334738,0.0335712,0.0423009,0.0438314,0.0513471,0.051102,0.051965,0.0572331,0.0563563,0.0567719,0.0581638,0.0665472,0.0662068,0.0729765,0.0721312,0.0859819,0.0858575,0.0821129,0.0833587,0.0919069,0.0951536,0.0953578,0.0965413,0.102347,0.0975008,0.0956635,0.0862621,0.094713,0.0849654,0.0807399,0.0819486,0.0841794,0.0792415,0.0845868,0.0728616,0.0777983,0.0718215,0.0672846,0.0622152,0.0464585,0.0397618,0.032501,0.0292437,0.031191,0.0318173,0.0421826,0.0418384,0.0479317,0.0470304,0.0488113,0.0520463,0.0570495,0.0581289,0.0603598,0.0516132,0.0473635,0.0476928,0.0389449,0.0357197,0.0333648,0.0322004,0.0376688];
time = 33.8s
thresh = 0.2
set_speed = 0.3
