dist_err_carrot = {[3.00606,3.00606,2.97706,2.88802,2.79402,2.70503,2.61505,2.52412,2.43318,2.34318,2.25627,2.17039,2.0874,2.00442,1.92044,1.83461,1.74664,1.65813,1.57148,1.48578,1.40425,1.32271,1.23989,1.1581,1.07235,0.984216,0.89862,0.814102,0.732673,0.653419,0.572569,0.489868,0.411605,0.332302,0.255229,0.177433,0.106409,0.0540221,0.0556533,0.0709616,0.0784215,0.0963132,0.0408079,0.0831329,0.0503063,0.079708,0.126401,0.0989739,0.132087,0.124824,0.127262,0.145853,0.105986,0.111425,0.0719046,0.091411,0.0475349,0.0958595,0.0671189,0.0410799,0.103427,0.0786807,0.0634696,0.0380933,0.106635,0.0848078,0.0556381,0.0345355,0.105531,0.0785653,0.0588264,0.114036,0.0936618,0.146925,0.115643,0.146495,0.108218,0.136353,0.0845026,0.11254,0.0548042,0.103266,0.0496996,0.111895,0.0771798,0.134834,0.107422,0.147556,0.133673,0.156873,0.201458,0.164044,0.18399,0.155141,0.152995,0.125844,0.131583,0.101947,0.117403,0.0859578,0.134364,0.102377,0.0823503,0.134212,0.104591,0.0833269,0.0615795,0.0415898,0.112795,0.103537,0.0900692,0.0686325,0.0563904,0.119031,0.0883551,0.0676129,0.122591,0.101758,0.0773267,0.126493,0.101973,0.141686,0.111996,0.140833,0.112156]};
time = 24.8s
size =  50
set_speed = 0.4
