xte_vel = [0.0457082,0.0280026,0.0324452,0.0504267,0.06346,0.0738364,0.0753839,0.085034,0.0915718,0.0907854,0.0832379,0.0714504,0.0531257,0.0447752,0.0320877,0.0317765,0.0303789,0.031435,0.0278216,0.042448,0.049606,0.0632301,0.0725024,0.086291,0.0872594,0.0916491,0.0911084,0.0887979,0.0784128,0.0754138,0.075745,0.0664692,0.0696917,0.0695783,0.0664176,0.0762997,0.0719843,0.0675035,0.0812067,0.0809137,0.0856435,0.0853894,0.0851021,0.0852466,0.0800674,0.0841649,0.0787151,0.0843797,0.0829642,0.076902,0.0799392,0.0764308,0.0718616,0.0676142,0.0609619,0.0654244,0.0601321,0.0559687,0.0627395,0.0614877,0.0691265,0.0714157,0.0681272,0.0646125,0.0674514,0.0764146,0.0829172,0.0921096,0.0867531,0.0875549,0.080373,0.0795534,0.0752789,0.0725075,0.0719512,0.066826,0.0669501,0.071805,0.0651983,0.06389940.0919371,0.0937638,0.0997192,0.114155,0.120652,0.123642,0.128504,0.124583,0.121036,0.1107,0.0977657,0.0858728,0.0718585,0.066609,0.0664411,0.0585089,0.0606494,0.0562457,0.0592925,0.0696437,0.0727336,0.0871964,0.0941815,0.0964757,0.107573,0.112733,0.123405,0.116583,0.10205,0.0920686,0.0800103,0.0581131,0.0474263,0.0371765,0.0315549,0.0298253,0.0375373,0.0416394,0.0526122,0.0622128,0.073317,0.0805583,0.0915923,0.0930167,0.112411,0.107481,0.105831,0.0966809,0.0863678,0.0819727,0.0706795,0.0657001,0.0603765,0.0627526,0.0710834,0.0873875,0.1049,0.117433,0.125048,0.131403,0.129496,0.126885,0.127382,0.123938,0.111414,0.0960832,0.0812881,0.0646615,0.060841,0.0461976,0.0360672,0.0359706,0.0423058,0.0463708,0.05890710.0870109,0.0918657,0.0937938,0.0961082,0.0948823,0.0879103,0.083282,0.0756494,0.0654814,0.0627191,0.0597164,0.053061,0.0596337,0.0625168,0.0742137,0.0838991,0.0890099,0.0987679,0.102255,0.103537,0.106821,0.0983303,0.092554,0.0722258,0.0601825,0.0530522,0.0383405,0.0350882,0.0341927,0.0391604,0.0404385,0.043061,0.046108,0.0593566,0.0698893,0.0774681,0.0859436,0.0906254,0.0978895,0.0922787,0.0967905,0.0971205,0.0979834,0.101493,0.104033,0.0952462,0.0831981,0.0741853,0.071972,0.0680173,0.0761741,0.0702786,0.0742867,0.0784636,0.0784614,0.102041,0.115041,0.113056,0.114272,0.107499,0.102967,0.0901906,0.0856237,0.0751831,0.0626663,0.066292,0.0623614,0.0670786,0.0713202,0.0668045,0.0728723,0.0675943,0.0742035,0.074157,0.0851513,0.0919171,0.0894641];
time = 55.6s
thresh = 0.2
set_speed = 0.4
,