xte_carrot = [1.85852,1.85852,1.74611,1.68137,1.6612,1.66045,1.64814,1.65835,1.67851,1.67605,1.68513,1.67333,1.68151,1.66803,1.67138,1.68368,1.6768,1.6758,1.66331,1.66144,1.65853,0.0293598,0.0326297,0.0568442,0.0789597,0.0790514,0.0845362,0.0795531,0.0678794,0.0583228,0.0493312,0.0419535,0.0273111,0.0243202,0.018709,0.0243348,0.0224892,0.0246916,0.0241165,0.0238869,0.0107563,0.00470529,0.00395496,0.0059648,0.0115416,0.0141987,0.0137327,0.00919013,0.00708293,0.00525243,0.00683006,0.00578662,0.0104397,0.0163655,0.0205459,0.0170398,0.0118754,0.00639507,0.00111838,0.00687983,0.00423474,0.00227271,0.00833286,0.0159618,0.0105493,0.0161983,0.0171484,0.0185715,0.0228445,0.0241473,0.0302134,0.0323205,0.0277048,0.0270158,0.0147404,0.00399971,0.00994105,0.023308,0.0342274,0.0398736,0.0544072,0.0603844,0.0732891,0.08082,0.074593,0.0785484,0.0759327,0.0788758,0.0707169,0.0649705,0.0535742,0.0570653,0.0561819,0.0445031,0.0461063,0.03736,0.0401302,0.0350061,0.0477506,0.0503354,0.0631805,0.0681967,0.071376,0.0841656,0.0853673,0.0800406,0.0798932,0.0751177,0.0751609,0.0750114,0.0733674,0.0661812,0.0626493,0.0693365,0.0707161,0.067614,0.0539663,0.0537281,0.0512134,0.0457198,0.0430853,0.0491171,0.0465901,0.0504545,0.0435757,0.0513537,0.0509119,0.0543088,0.0565354,0.055322,0.0550229,0.0562541,0.0526794,0.0482458,0.0470356,0.0466321,0.0494597,0.0455315,0.0516919,0.0500698,0.0513622,0.0383418,0.0404445,0.0341405,0.0329333,0.0363085,0.0389724,0.0355155,0.0300863,0.0243096,0.0209064,0.0222598,0.0173443,0.014531,0.0103706,0.0124321,0.00672042,0.00327393,0.00377354,0.00507693,0.00697782,0.00744138,0.0151935,0.0215318,0.0281322,0.0338117,0.0404809,0.0443647,0.0431024,0.0351472,0.0310949,0.0344626,0.0300549,0.0268931,0.0193618,0.0350267,0.0393745,0.0488479,0.0523504,0.0452211,0.0435191];
time = 46.8s
set_speed = 0.2
