dist_err_carrot = {[6.62715,6.62715,6.63504,6.62957,6.62277,6.61244,6.60626,6.59231,6.55049,6.48621,6.4109,6.34124,6.25169,6.17272,6.08883,6.00616,5.91222,5.82905,5.73759,5.65233,5.55573,5.4814,5.3831,5.29116,5.20264,5.11636,5.01194,4.92909,4.83895,4.74495,4.66327,4.58025,4.48156,4.39213,4.30219,4.22048,4.11629,4.04245,3.94711,3.86458,3.77918,3.69511,3.59724,3.50719,3.42295,3.32227,3.24007,3.14252,3.05989,2.96675,2.86376,2.76532,2.67696,2.58568,2.49646,2.40756,2.30585,2.21155,2.14006,2.03663,1.95415,1.85703,1.77462,1.68677,1.58292,1.48579,1.4054,1.30114,1.21161,1.1238,1.04222,0.946946,0.861419,0.773167,0.678336,0.592822,0.507797,0.41157,0.329983,0.233174,0.134354,0.0576548,0.0484307,0.123212,0.206868,0.200235,0.211906,0.237523,0.194316,0.180687,0.174462,0.109658,0.116087,0.0539035,0.118526,0.0931385,0.0708893,0.0472936,0.145771,0.138236,0.125084,0.128376,0.106713,0.0864684,0.0627731,0.0415907,0.143671,0.15292,0.171309,0.178878,0.210839,0.181363,0.160843,0.141807,0.154598,0.0993911,0.116381,0.0451436,0.11478,0.0580209,0.142105,0.101286,0.0683901,0.1349,0.128235,0.160675,0.160236,0.15814,0.189014,0.138421,0.161345,0.117145,0.0858469,0.144982,0.11945,0.112901,0.101322,0.184392,0.107909,0.173352,0.151914,0.148847,0.117918,0.0954802,0.108196,0.121612,0.15939,0.213901,0.213545,0.202475,0.220638,0.185861,0.198372,0.147188,0.106721,0.128999,0.0917815,0.140623,0.109533]};
time = 31.6s
size =  50
set_speed = 0.5
