xte_vel = [0.13946,0.149185,0.148157,0.13126,0.104882,0.0706349,0.0237605,0.0213353,0.0504183,0.0762999,0.0837896,0.0946208,0.0907628,0.082443,0.0608449,0.0358103,0.0267469,0.0395299,0.064945,0.0866711,0.0982561,0.109956,0.109546,0.0483235,0.0728392,0.0976897,0.0769873,0.0634499,0.0506051,0.0481189,0.0481491,0.0477907,0.0481145,0.0573647,0.0734002,0.0915809,0.116363,0.138619,0.157692,0.177365,0.191988,0.212708,0.226446,0.238904,0.257525,0.255999,0.252202,0.246908,0.239594,0.225565,0.207202,0.189449,0.171224,0.14427,0.118138,0.0984159,0.0915551,0.107775,0.136068,0.180306,0.223824,0.282848,0.325951,0.295835,0.24589,0.192447,0.136823,0.0803078,0.0340205,0.0536693,0.0992191,0.140493,0.171414,0.213772,0.244779,0.269675,0.295203,0.326108,0.341509,0.359824,0.372577,0.372534,0.370357,0.374277,0.370863,0.361289,0.344697,0.321641,0.297855,0.268114,0.236741,0.20656,0.168918,0.123735,0.0784909,0.0272333,0.0377574,0.0893573,0.141455,0.18017,0.194529,0.198138,0.188761,0.183292,0.177793,0.168652,0.156488,0.132474,0.10884,0.0748164,0.0520991,0.0179774,0.0272332,0.0484876,0.0782804,0.104023,0.126623,0.143159,0.145691,0.158415,0.165666,0.173454,0.16933,0.167001,0.174767,0.179049,0.173268,0.162501,0.15177,0.138012,0.129815,0.116203,0.100737,0.0910717,0.0930472,0.0961493,0.099286,0.0940249,0.0957575,0.0790358,0.0714171,0.0611007,0.0388713,0.0106784,0.0180028,0.0563275,0.0967226,0.123839,0.161216,0.17745,0.193683,0.199053,0.194665,0.182792,0.159986,0.15,0.128035,0.104621,0.082259,0.0592482,0.0375032,0.0233498,0.0246441,0.0405037,0.0498179,0.0634602,0.070833,0.076961,0.0666117,0.0488877];
time = 46.8s
thresh = 0.2
set_speed = 0.3
