xte_pos = [0.199554,0.149875,0.0991319,0.056881,0.0159574,0.0140299,0.0378843,0.0504769,0.0714784,0.0803625,0.0863808,0.0867471,0.100765,0.0997717,0.105451,0.101416,0.0953976,0.0889785,0.0875343,0.0888498,0.090696,0.0930217,0.0933339,0.0886842,0.0924129,0.0994048,0.0924658,0.0943004,0.0918791,0.100586,0.0979762,0.101717,0.102216,0.0935839,0.0877015,0.0973388,0.100442,0.0964823,0.095001,0.0942889,0.0903684,0.0949904,0.091423,0.100137,0.104925,0.0973339,0.0867334,0.0792576,0.0785486,0.0727272,0.0714306,0.079023,0.0734137,0.0689124,0.0588736,0.0521797,0.0477032,0.0431816,0.0362667,0.0285728,0.0250204,0.028496,0.0233049,0.0265261,0.0331451,0.0322369,0.0311778,0.0305997,0.0379404,0.034806,0.0342195,0.0295451,0.0310131,0.0254702,0.0210374,0.0215185];
time = 16.8s
thresh = 0.5
