thresh = 0.2m
rmse_pos = {[1.72709,1.72709,1.72264,1.717,1.70891,1.70351,1.69881,1.69944,1.7007,1.70324,1.70323,1.7045,1.69995,1.70122,1.70715,1.70332,1.70652,1.71038,1.70664,1.70858,1.70858,1.70492,1.70622,1.71349,1.71544,1.71609,1.71609,1.71253,1.71057,1.71396,1.71461,1.71396,1.71461,1.70797,1.70184,1.69774,1.695,1.69369,1.69303,1.68975,1.68844,1.69251,1.69251,1.69055,1.68929,1.68929,1.69059,1.69667,1.69797,1.69797,1.69945,1.69945,1.70298,1.69555,1.69888,1.69758,1.69554,1.69554,1.69425,1.69489,1.69167,1.69103,1.69167,1.69777,1.69232,1.68696,1.68631,1.6876,1.68567,1.68567,1.68975,1.6859,1.68109,1.68109,1.68302,1.68431,1.68689,1.68947,1.68925,1.6912,1.70201,1.70119,1.70315,1.70708,1.7097,1.70892,1.71289,1.71953,1.72087,1.7242,1.73089,1.7349,1.74026,1.74242,1.74445,