xte_vel = [2.34936,2.3044,2.25462,2.21468,2.17495,2.12804,2.08406,2.03309,1.9862,1.93523,1.89368,1.84994,1.797,1.75505,1.70411,1.65648,1.60793,1.56401,1.51437,1.46845,1.42116,1.38387,1.33733,1.29185,1.23948,1.19237,1.14038,1.10334,1.0503,1.00812,0.963095,0.912009,0.860002,0.0605206,0.0607405,0.0581778,0.0622747,0.0594932,0.0582416,0.0610573,0.0604361,0.0619418,0.0625932,0.0613465,0.0600505,0.0519096,0.0513951,0.0476029,0.0428256,0.0419966,0.0370682,0.039204,0.0400825,0.0441356,0.0441759,0.0472093,0.0429962,0.0367501,0.0344489,0.0298652,0.0348525,0.0424467,0.0446584,0.0526442,0.055924,0.0618995,0.0655431,0.0777448,0.0762654,0.0938036,0.0949929,0.111986,0.120377,0.123876,0.131424,0.131787,0.135829,0.140523,0.132633,0.140431,0.147315,0.144193,0.143095,0.1499,0.148917,0.148619,0.141547,0.139911,0.133138,0.126484,0.117577,0.11429,0.115685,0.106247,0.10814,0.10222,0.0954522,0.0931725,0.0941499,0.0897269,0.0921244,0.0902921,0.0880839,0.0849209,0.0894216,0.0875847,0.0862793,0.0819552,0.0815563,0.0784107,0.0756697,0.0721771,0.075012,0.0740492,0.0743756,0.0742213,0.0796614,0.0817554,0.0897074,0.100662,0.0992628,0.101042,0.100142,0.109539,0.115791,0.124146,0.12508,0.12806,0.127284,0.133008,0.125432,0.127544,0.122386,0.127487,0.13134,0.127131,0.127252,0.126624,0.130866];
time = 34.8s
thresh = 0.3
set_speed = 0.3
