dist_err_vel = {[,,,,,,,,,,,,,,,,,,,,,,,,,,,,,,,,],[0.218553],[0.286275],[0.39574,0.381943,0.33522,0.271046],[0.326957,0.249672],[0.313761,0.232517],[0.307344,0.23802],[0.315244,0.25959],[0.333792,0.274407],[0.327637,0.265193],[0.301837,0.220055],[0.250708],[0.278605],[0.308553,0.214526],[0.244433],[0.274326],[0.298053],[0.325263,0.236189],[0.27724],[0.31297,0.248858],[0.292608],[0.346331,0.271252],[0.312274,0.238682],[0.272414],[0.297026],[0.328712,0.237467],[0.260067],[0.293371],[0.323149,0.228792],[0.266781],[0.298646],[0.331141,0.246666],[0.273906],[0.314431,0.230516],[0.25651],[0.283655],[0.319586,0.224404],[0.258025],[0.280947],[0.305546,0.218594],[0.243938],[0.275633],[0.318749,0.227016],[0.255006],[0.284307],[0.321903,0.245584],[0.272214],[0.304493,0.210664],[0.236271],[0.256116],[0.185026],[0.218355],[0.240603],[0.272657],[0.288687],[0.321694,0.224154],[0.261832],[0.285083],[0.325365,0.237187],[0.283399],[0.306476,0.219519],[0.255602],[0.282395],[0.305131,0.2251],[0.250717],[0.277048],[0.310171,0.21887],[0.245067],[0.281176],[0.30475,0.222935],[0.256819],[0.296602],[0.332373,0.241562],[0.271384],[0.310528,0.229892],[0.261677],[0.304561,0.228889],[0.260763],[0.300274,0.218519],[0.248882],[0.280708],[0.311873,0.222995],[0.250884],[0.27536],[0.306843,0.209934],[0.238234],[0.27503],[0.309521,0.221413],[0.259156],[0.291205],[0.33502,0.246911],[0.285112],[0.331428,0.261809],[0.292571],[0.332723,0.257812],[0.28266],[0.314844,0.232248],[0.255152],[0.285356],[0.226736],[0.25079],[0.295471],[0.326297,0.245054],[0.27982],[0.327432,0.251634],[0.290054],[0.331516,0.252579],[0.290856],[0.334852,0.246025],[0.280708],[0.313109,0.224217],[0.248223],[0.287692],[0.321006,0.236491],[0.273835],[0.315011,0.235052],[0.265747],[0.302071,0.231009],[0.267376],[0.300329,0.225117],[0.255663],[0.291174],[0.332493,0.240127],[0.284825],[0.318902,0.231332],[0.269812],[0.308318,0.22658],[0.266084],[0.310822,0.224683],[0.263539],[0.299892],[0.334334,0.246472],[0.279169],[0.317402,0.224331],[0.244507],[0.283603],[0.308644,0.220099],[0.249213],[0.283658],[0.325563,0.246048],[0.292859],[0.34113,0.257174],[0.299802],[0.33988,0.254797],[0.281739],[0.314007,0.22508],[0.250562],[0.279299]};
time = 48.4s
size =  50
thresh = 0.3
set_speed = 0.5
],[,,,,,,,,,,,,,,,,,,,,,,,,,,,,,,,,,,,,,,,,,,,,,,,,,,,,,