xte_pos = [0.253647,0.226027,0.20718,0.194193,0.183355,0.180386,0.182272,0.188559,0.200317,0.215776,0.221054,0.225915,0.233601,0.237185,0.231891,0.230581,0.222188,0.217465,0.216539,0.2122,0.204072,0.204597,0.192732,0.185601,0.189134,0.18115,0.177343,0.182479,0.175653,0.179488,0.174502,0.175512,0.169474,0.173782,0.175654,0.17233,0.180271,0.182659,0.174368,0.175581,0.170831,0.172187,0.169791,0.166567,0.161992,0.155033,0.154487,0.155134,0.153969,0.143723,0.143405,0.142743,0.143327,0.145758,0.151069,0.165597,0.166883,0.1763,0.174075,0.183289,0.181014,0.186068,0.183007,0.195513,0.203867,0.212548,0.213771,0.217754,0.212253,0.210427,0.2149550.217364,0.220702,0.227274,0.237679,0.247955,0.258064,0.266631,0.280293,0.282675,0.288398,0.27987,0.265667,0.253198,0.24116,0.227744,0.2275,0.215458,0.221108,0.215665,0.221172,0.212354,0.215045,0.214185,0.219641,0.212975,0.211318,0.21491,0.220542,0.218393,0.22152,0.226272,0.228885,0.228118,0.225434,0.224159,0.224396,0.231101,0.230371,0.241576,0.246785,0.251543,0.252317,0.248927,0.250558,0.264426,0.265571,0.256723,0.260259,0.259164,0.245891,0.243738,0.248634,0.242838,0.235909,0.236941,0.242992,0.235874,0.238274,0.23726,0.242812,0.240604,0.239071,0.235563,0.2348840.259836,0.266037,0.271647,0.263181,0.260814,0.266867,0.27216,0.271986,0.271025,0.269998,0.267818,0.27265,0.267236,0.265077,0.261111,0.267674,0.263763,0.265322,0.266651,0.261676,0.253698,0.247888,0.237576,0.230689,0.230557,0.223847,0.219518,0.212808,0.205071,0.194194,0.189609,0.186321,0.188218,0.186803,0.187891,0.19209,0.195165,0.19949,0.196311,0.188982,0.183286,0.175005,0.169167,0.165175,0.156687,0.147003,0.149638,0.147087,0.153536,0.161356,0.168248,0.176861,0.183057,0.186885,0.18414,0.201642,0.207407,0.214328,0.225941,0.230997,0.242276,0.251984,0.257394];
time = 45s
thresh = 0.5
,,,,,,,,