xte_pos = [2.81142,2.33889,1.9218,1.5513,1.22207,0.941907,0.690515,0.485002,0.331428,0.244476,0.212243,0.201548,0.206728,0.21238,0.212475,0.222914,0.22785,0.238948,0.247612,0.253646,0.252224,0.240874,0.22237,0.20568,0.177626,0.159428,0.139873,0.127175,0.12071,0.10563,0.10171,0.0883501,0.0782953,0.0667015,0.0625943,0.0506769,0.0574573,0.0543796,0.0518937,0.0513345,0.0616169,0.0432859,0.0504418,0.0361339,0.0316615,0.0246082,0.0240441,0.0226093,0.0221913,0.0180185,0.0155121,0.0206348,0.033784,0.0325736,0.033927,0.0304796,0.0378439,0.0300859,0.0377857,0.0286362,0.0322384,0.0284658,0.0352358,0.0306417,0.0409905,0.0441344,0.0423857,0.0479843,0.0460729,0.0524688,0.0501619,0.0435533,0.0355269,0.0338237,0.0262267,0.0189724,0.0171209,0.0243016,0.0210674,0.0190416,0.0171577,0.0146479,0.00947018,0.0148441,0.0217437,0.0154399,0.0158587];
time = 19.6s
thresh = 0.5
