xte_vel = [0.0970183,0.0915418,0.0880259,0.0854154,0.0824015,0.0810139,0.0758389,0.0613019,0.0538787,0.035333,0.0281233,0.023,0.0271951,0.0316937,0.032451,0.0405975,0.0413898,0.0462731,0.0438874,0.0371923,0.0406427,0.0411947,0.0465587,0.0171615,0.0491935,0.0438771,0.0344485,0.0263034,0.0171764,0.013177,0.0171395,0.023944,0.0368534,0.0472701,0.0459609,0.0535088,0.0525635,0.0427265,0.0422011,0.0394564,0.0305065,0.0280125,0.0182073,0.016111,0.0282141,0.0454995,0.0584719,0.0782974,0.0925728,0.107868,0.11436,0.114951,0.115301,0.107765,0.0957392,0.0872934,0.0737857,0.0655015,0.063642,0.0580578,0.0485701,0.0456312,0.0509231,0.0472522,0.0485677,0.0500528,0.0518043,0.0492455,0.0519486,0.0537261,0.0543471,0.0517668,0.0516723,0.051274,0.0540541,0.0562236,0.0592141,0.0610525,0.0638673,0.0663022,0.0690976,0.0686246,0.0689608,0.0667569,0.0684042,0.0668954,0.0642567,0.0648049];
time = 28.2s
thresh = 0.5
set_speed = 0.3
