xte_pos = [1.61101,1.39728,1.19709,1.00535,0.826645,0.682091,0.559004,0.457766,0.379372,0.302356,0.241247,0.187167,0.138457,0.102436,0.0773211,0.0685355,0.0716362,0.0822907,0.0842558,0.0847427,0.0786199,0.0648621,0.0519861,0.0420135,0.0305857,0.022687,0.0221374,0.0293137,0.0344384,0.0381965,0.049048,0.0426895,0.0454389,0.053146,0.0572763,0.0577534,0.0624539,0.0761471,0.0722234,0.0700801,0.0746511,0.0715427,0.0703663,0.0715272,0.0735819,0.0808948,0.0805796,0.0802551,0.0796826,0.0816588,0.080177,0.0775188,0.0738425,0.0666476,0.070756,0.066651,0.0714444,0.067339,0.0616336,0.0615085,0.0601131,0.0594823,0.0568596,0.0564181,0.0536713,0.0508637,0.0477816,0.0535309,0.0537601,0.0575497,0.0596342,0.0611265,0.0592106,0.0520722,0.0518258,0.0571467,0.04776,0.0462915,0.0459758,0.0495093,0.0482914,0.0471024,0.0563431,0.0526991,0.0501928,0.0521923,0.0545363,0.0568547,0.0591133];
time = 20.4s
thresh = 0.5
