dist_err_carrot = {[3.07052,3.07052,3.06766,3.03867,3.0107,2.97571,2.95288,2.91889,2.88832,2.85555,2.83158,2.79987,2.77217,2.7392,2.70922,2.67325,2.64557,2.61296,2.58499,2.55241,2.52644,2.49489,2.46597,2.43102,2.40459,2.37179,2.34603,2.3141,2.2879,2.25598,2.22936,2.19944,2.17436,2.14246,2.11554,2.08364,2.05573,2.02185,1.99387,1.96046,1.92857,1.8922,1.86527,1.83387,1.80198,1.7671,1.73526,1.70037,1.66866,1.63237,1.59749,1.56161,1.52832,1.49207,1.45999,1.42478,1.39452,1.36068,1.3214,1.28064,1.24246,1.2037,1.16307,1.12488,1.08028,1.04072,0.998396,0.957122,0.914,0.871044,0.826511,0.783551,0.747708,0.711941,0.675065,0.637722,0.60012,0.558046,0.514354,0.47484,0.435092,0.401478,0.370417,0.341972,0.313847,0.278438,0.25156,0.21843,0.196447,0.169587,0.0834132,0.0596368,0.0543673,0.0470452,0.0635745,0.0924943,0.118849,0.080486,0.0748807,0.0925826,0.122952,0.144003,0.118901,0.101725,0.119407,0.132185,0.15349,0.11369,0.126646,0.126783,0.146856,0.102624,0.113734,0.12712,0.104066,0.0996087,0.120372,0.0962403,0.106187,0.125996,0.108873,0.113797,0.141104,0.119635,0.123328,0.0991466,0.0936405,0.110401,0.0740087,0.0940806,0.067619,0.0940811,0.0783867,0.0926837,0.110942,0.089457,0.0889602,0.0861852,0.0819024,0.0981649,0.109804,0.0832401,0.0818659,0.097562,0.0672782,0.0721684,0.0841817,0.0743307,0.0760869,0.106321,0.0899473,0.089617,0.0886746,0.102446,0.110689,0.0839934,0.0718379,0.0670125,0.0796985,0.0976289,0.0503886,0.0375196,0.0502455,0.0754733,0.0461716,0.0407377,0.0609108,0.0837657,0.048434,0.0472348,0.0710506,0.107764,0.0392111,0.0630621,0.0865984,0.120615,0.0711449,0.0681372,0.07319,0.0905488,0.0954153,0.0572265,0.0363008,0.02976,0.0330749,0.0432941,0.0730486,0.0320575,0.0201656,0.0333438,0.0558405,0.0831468,0.0182781,0.0263378,0.0693771,0.0432137,0.0672917,0.0885186,0.123214,0.115764,0.113209,0.126529,0.122009,0.120753,0.112676,0.103238,0.0902218,0.0855805,0.0761246,0.0646327,0.0636854,0.0558758,0.0662874,0.0433053,0.0286058,0.0333534,0.0384495,0.0557827,0.0845348,0.0279742,0.0405177,0.063342,0.0287195,0.044849,0.0711843,0.0384812,0.0499945,0.0870567,0.0519575,0.0654078,0.0911754,0.0448117,0.0562694,0.0803809,0.0399885,0.0648413,0.0904001,0.0539279,0.0598148,0.0798057,0.041161,0.0593812,0.0932495,0.0735828,0.083283,0.115034,0.0848539,0.10045,0.124284,0.0887628,0.099594,0.0807336,0.0868574,0.119242,0.0887073,0.110041,0.138574,0.115286,0.115239,0.141899,0.110133,0.118721,0.128544,0.153304,0.109167,0.119826,0.136827,0.117367,0.123543]};
time = 53.6s
size =  50
set_speed = 0.2
