dist_err_vel = {[,,,,,,,,,,,,,,,,,,,,,,,,,,,,,,,,,,,,,,,,,,,,,,,,],[0.341733],[0.375706],[0.442859,0.414507,0.38319],[0.480625,0.434572,0.391906],[0.475814,0.436366,0.389894],[0.475696,0.433449,0.39104],[0.475091,0.430083,0.386634],[0.458904,0.401017,0.342256],[0.41287,0.349459],[0.40393,0.339062],[0.393959],[0.46019,0.384987],[0.446849,0.368307],[0.427634,0.345173],[0.395771],[0.442632,0.372053],[0.420706,0.34454],[0.39398],[0.453617,0.379251],[0.432936,0.354279],[0.408014,0.334259],[0.386192],[0.433581,0.364577],[0.397831],[0.454539,0.373835],[0.422184,0.352607],[0.392195],[0.433881,0.363004],[0.396777],[0.449799,0.369818],[0.409107,0.350371],[0.389538],[0.432631,0.377728],[0.424934,0.378015],[0.415355,0.373446],[0.409784,0.365168],[0.393035],[0.425661,0.357187],[0.389454],[0.420381,0.349778],[0.382947],[0.407761,0.322487],[0.358518],[0.385544],[0.426955,0.335236],[0.372644],[0.403224,0.325323],[0.352801],[0.395851],[0.344696],[0.385085],[0.427287,0.338029],[0.389619],[0.426978,0.350732],[0.396121],[0.446779,0.370082],[0.420325,0.347025],[0.393025],[0.425791,0.357723],[0.389062],[0.428088,0.344201],[0.374654],[0.416219,0.352882],[0.390409],[0.420712,0.348195],[0.382624],[0.42151,0.339709],[0.377509],[0.398599],[0.441249,0.348561],[0.388991],[0.426611,0.349363],[0.384361],[0.434554,0.361598],[0.410405,0.337282],[0.376572],[0.411865,0.346346],[0.379358],[0.421841,0.354168],[0.389124],[0.429803,0.351041],[0.385395],[0.418108,0.337202],[0.363906],[0.40132,0.307635],[0.342017],[0.380476],[0.416198,0.323279],[0.369247],[0.404034,0.327394],[0.371655],[0.417916,0.344033],[0.384241],[0.421854,0.357797],[0.399462],[0.434047,0.361376],[0.404104,0.337966],[0.373466],[0.340273],[0.362348],[0.401088,0.331311],[0.360268],[0.389296],[0.424042,0.34997],[0.377665],[0.405835,0.337894],[0.370166],[0.408357,0.337558],[0.371512],[0.402096,0.326056],[0.371447],[0.407326,0.335687],[0.365475],[0.404601,0.321849],[0.353546],[0.384662],[0.427946,0.329403],[0.34881],[0.378338],[0.4144,0.335337],[0.371922],[0.403692,0.328743],[0.365762],[0.402902,0.321734],[0.359482],[0.388122],[0.429705,0.346537],[0.394399],[0.430327,0.366734],[0.399444],[0.445505,0.364546],[0.405876,0.356527],[0.39141],[0.43869,0.390405],[0.421084,0.366148],[0.391226],[0.420389,0.357253],[0.379032],[0.410784,0.346981],[0.378804],[0.408546,0.341213],[0.37211],[0.413178,0.324209],[0.361155],[0.384738],[0.422932,0.336503],[0.365341]};
time = 56s
size =  50
thresh = 0.4
set_speed = 0.3
],[,,,,,,,,,,,,,,,,,,,,,,,,,,,,,,,,,,,,,,,,,,,,,,,,,,,,,