dist_err_carrot = {[2.86998,2.86998,2.85885,2.79579,2.7198,2.64,2.56291,2.48814,2.41941,2.35237,2.28669,2.22074,2.15408,2.08715,2.01859,1.94672,1.87782,1.80693,1.74104,1.67863,1.61478,1.55148,1.48929,1.42621,1.36263,1.30059,1.23994,1.18047,1.12121,1.06152,1.00621,0.953363,0.896746,0.836671,0.782196,0.728183,0.672561,0.618015,0.562671,0.510342,0.455812,0.406245,0.353322,0.305743,0.254928,0.206329,0.16074,0.12718,0.0604041,0.051477,0.0493833,0.0471339,0.0626679,0.0932945,0.0570576,0.0591681,0.0775671,0.112295,0.092202,0.11749,0.133541,0.13991,0.155577,0.118395,0.120419,0.145717,0.114425,0.133091,0.0990541,0.124407,0.0950989,0.131799,0.105485,0.097608,0.0814763,0.137241,0.129301,0.118316,0.100488,0.0936397,0.0710325,0.0741588,0.0884121,0.17071,0.168622,0.22214,0.20906,0.226389,0.216971,0.204411,0.192879,0.171011,0.148741,0.137497,0.115204,0.0930576,0.0602634,0.0296637,0.0219483,0.0427474,0.0766663,0.115598,0.127742,0.1292,0.156976,0.1058,0.0485819,0.0430172,0.0999127,0.0971564,0.140074,0.180486,0.213158,0.16371,0.147161,0.13612,0.118932,0.105473,0.0656358,0.0338259,0.0400367,0.070594,0.105456,0.132823,0.114145,0.119216,0.0673503,0.0592427,0.0986183,0.0681642,0.128422,0.145029,0.166887,0.189132,0.164505,0.158234,0.143631,0.123979,0.0974916,0.0654212,0.0491431,0.039524,0.0623814,0.0818631,0.0824168,0.0916079,0.105694,0.127001,0.106004,0.122685,0.0815756,0.103563,0.0549276,0.0287928,0.0879638,0.0771942,0.0712881,0.105889,0.0764297,0.0394548,0.0652724,0.0249844,0.0662064,0.0444629,0.0836307,0.0672247,0.0957563,0.0780369,0.108456,0.0917674,0.130595,0.119973,0.160282,0.156735,0.191614,0.236463,0.232519,0.265776]};
time = 35.4s
size =  50
set_speed = 0.3
