xte_vel = [,,,,,,,,,,,,,,,,,,,,,,,,0.310534,0.214303,0.118088,0.0240495,0.0450756,0.0651015,0.0539125,0.0325849,0.0199608,0.0288136,0.0495255,0.0692753,0.0858972,0.106633,0.125707,0.13925,0.141463,0.152003,0.1645,0.158327,0.158165,0.157832,0.14892,0.139859,0.135681,0.127626,0.120071,0.117899,0.11179,0.107037,0.105837,0.0976858,0.101085,0.0974288,0.0943439,0.0979747,0.10333,0.104402,0.113882,0.117436,0.122132,0.12496,0.13104,0.137878,0.143408,0.143356,0.153455,0.153519,0.151496,0.152946,0.149483,0.158812,0.159203,0.148209,0.143788,0.142164,0.131288,0.124135,0.129695,0.131659,0.129503,0.127098,0.132499,0.13107,0.132591,0.140587,0.138056,0.139437,0.139717,0.147088,0.149889,0.152085,0.1558150.174675,0.178834,0.177462,0.186001,0.184488,0.189227,0.199261,0.199106,0.204763,0.210792,0.205664,0.204907,0.194868,0.18568,0.185336,0.174411,0.1711,0.162755,0.155593,0.154271,0.148768,0.141503,0.133147,0.130146,0.134336,0.137733,0.140538,0.139997,0.14013,0.146963,0.149379,0.150535,0.154843,0.154469,0.1639,0.165287,0.165151,0.169284,0.1728,0.166166,0.163022,0.164399,0.156438,0.153167,0.148608,0.146213,0.139964,0.135096,0.139576,0.134029,0.130631,0.136856,0.128697,0.138525,0.135604,0.140387,0.140664,0.150165,0.155649,0.153871,0.152776,0.148096,0.146413,0.150208,0.149842,0.145272,0.144067,0.1417720.116892,0.118724,0.117846,0.123697,0.133291,0.126439,0.131166,0.134285,0.140908,0.136142,0.144597,0.14788,0.152098,0.159379,0.160801,0.16183,0.159404,0.161932,0.162863,0.158933,0.151188,0.150364,0.145113,0.140787,0.137019,0.138509,0.136388,0.130527,0.126267,0.125807,0.120946,0.118354,0.12591,0.122371,0.123094,0.119023,0.107259,0.103755,0.0989281,0.0879794,0.0833221,0.0853046,0.081315,0.0769275,0.0762495,0.0774348,0.0740359,0.0802133,0.0816891,0.0912087,0.0904833,0.0923387,0.0953927,0.0954369,0.101725,0.108303,0.10341,0.112451,0.113329,0.120815,0.125978,0.136832,0.135838,0.1416,0.142921,0.148766,0.135934,0.137049,0.137246];
time = 49.6s
thresh = 0.5
set_speed = 0.5
,,,,