xte_carrot = [2.41745,2.38146,2.34647,2.30949,2.27566,2.23668,2.20169,2.1627,2.13171,2.09872,2.07073,2.03874,2.00276,1.97377,1.94376,0.837283,0.798297,0.764562,0.732586,0.697973,0.66602,0.634504,0.604579,0.572613,0.541705,0.511746,0.479863,0.454965,0.423425,0.395526,0.365584,0.33672,0.312185,0.286292,0.258746,0.233826,0.210984,0.187189,0.163646,0.0423896,0.0420623,0.0405887,0.0492568,0.047393,0.0505287,0.0506593,0.0531972,0.054457,0.0645368,0.0674905,0.0744359,0.0856041,0.0926707,0.0951079,0.0887763,0.0790344,0.0727164,0.0777477,0.0767462,0.0701418,0.0743035,0.0657557,0.0627224,0.0477854,0.0440473,0.0403036,0.036388,0.0401954,0.0412538,0.0382604,0.0420788,0.0444738,0.0475436,0.0528398,0.0634265,0.0639966,0.0604011,0.0604881,0.0640601,0.0664054,0.0583472,0.0547248,0.0519027,0.0484499,0.0472565,0.0498081,0.0511852,0.0520414,0.0461247,0.0531386,0.036338,0.0364516,0.0372333,0.0282365,0.0265213,0.0259032,0.0281615,0.0234207,0.0183737,0.0233636,0.0198796,0.0224697,0.0235407,0.024972,0.0270026,0.0279451,0.0342407,0.040229,0.0424554,0.04683,0.0450371,0.0502001,0.0463209,0.0440774,0.0462405,0.044075,0.0383934,0.0343273,0.027004,0.02393,0.0156568,0.020543,0.0240722,0.0317274,0.0379875,0.0456572,0.0497655,0.0634455,0.0695931,0.0779396,0.0795942,0.090624,0.089839,0.104603,0.114082,0.117034,0.105721,0.116152,0.117541,0.113281,0.103831,0.113216,0.110691,0.107631,0.104857,0.103774,0.0992133,0.0928792,0.0828771,0.0846087,0.0802961,0.0780029,0.0727911,0.080345,0.0819073,0.082254,0.0760441,0.0765544,0.071914,0.0684769,0.0610004,0.0639447,0.0650014,0.0663047,0.0743001,0.0725939,0.0742505,0.0729902,0.0676032,0.0667909,0.0624709,0.0607735,0.0557717,0.0544321,0.0518132,0.0495701,0.0481608,0.0472292,0.0449103,0.0436522,0.0416042,0.0434638,0.050381,0.0536409,0.061312,0.0660334,0.0766664,0.0757832,0.0803354,0.0776779,0.0765285,0.0753586,0.0661857,0.0671052,0.0651212,0.0611991,0.0561866,0.0576179,0.0563491,0.0555781,0.0540944,0.0527027,0.0468583,0.0472281,0.0548151,0.0617921,0.0671745,0.067969,0.0680191,0.059748,0.0531014,0.0546868,0.0539046,0.0490601,0.0451424,0.0432155,0.0417908];
time = 56s
set_speed = 0.2
