xte_carrot = [,0.121538,0.183836,0.213669,0.224887,0.238491,0.224744,0.199713,0.164401,0.126795,0.0864446,0.0426748,0.0231422,0.0406908,0.0516721,0.0503406,0.0447285,0.0419724,0.0636992,0.100455,0.150427,0.173227,0.174316,0.162884,0.143749,0.110907,0.0832671,0.0501758,0.0234437,0.0148527,0.0378412,0.04254,0.0295971,0.00171272,0.0510332,0.0910447,0.131189,0.161494,0.186033,0.187366,0.172246,0.149831,0.125056,0.0869525,0.0477032,0.0152404,0.0190605,0.0339255,0.0313125,0.0082196,0.040161,0.0869139,0.13318,0.180496,0.19911,0.206793,0.194614,0.180836,0.158254,0.13394,0.117549,0.0812187,0.0573781,0.023606,0.0072254,0.0198359,0.0151705,0.00211921,0.0329387,0.072816,0.116259,0.143498,0.161424,0.16294,0.152934,0.137188,0.0290877,0.0181784,0.0402149,0.0539377,0.0388561,0.0122031,0.0455038,0.0992616,0.162583,0.200264,0.234909,0.238753,0.225462,0.2077,0.18722,0.15897,0.129242,0.0926016,0.0719256,0.041386,0.0322983,0.0214216,0.0269547,0.0299942,0.0630267,0.0809584,0.119782,0.147718,0.162659,0.163144,0.164853,0.142348,0.117728,0.0868481,0.0642316,0.0313123,0.0152921,0.0201593,0.0343606,0.0438606,0.0603526,0.0609943,0.0574557,0.095284,0.133707,0.150428,0.132757,0.117303,0.106965,0.110832,0.10075,0.0665975,0.0334511,0.0708307,0.105979,0.0950063,0.0501552,0.0235344,0.111785,0.162982,0.176333,0.172604,0.169964,0.168144,0.164882,0.137625,0.115871,0.0876436,0.067159,0.0666876,0.0615968,,0.0854129,0.118561,0.11491,0.108344,0.126977,0.146839,0.151396,0.156892,0.136381,0.115527,0.110537,0.0944363,0.0914443,0.0746346,0.0620849,0.0613901,0.0617545,0.0477143,0.0585973,0.0753391,0.102621,0.116496,0.132445,0.144821,0.152057,0.159998,0.143188,0.119185,0.0943471,0.0748265,0.049619,0.030104,0.00646879,0.018993,0.0362341,0.0571238,0.0868105,0.131387,0.149322,0.158137,0.159884,0.14711,0.135369,0.116991,0.0800588,0.0390294,0.0138138,0.0391209,0.0528193,0.0406671,0.00100533,0.052643,0.101511,0.15176,0.180831,0.195387,0.20021,0.187392,0.16012,0.130386,0.088227,0.0488435,0.0327908,0.0288785,0.0422619,0.0434828,];
time = 58s
set_speed = 0.5
