dist_err_pos = {[7.26482,7.26482,7.24554,7.1878,7.12547,7.07643,6.90538,6.5197,5.98113,5.36416,4.71748,4.07267,3.46314,2.92615,2.45864,2.07038,1.75433,1.49841,1.28406,1.10264,0.958408,0.852608,0.765604,0.691057,0.622577,0.555028,0.492284],[0.308249],[0.183129],[0.217764],[0.331577],[0.446266],[0.546144,0.503769,0.453205],[0.505844,0.436638],[0.483304],[0.528271,0.449582],[0.485929],[0.525053,0.444338],[0.482038],[0.521765,0.431415],[0.469047],[0.508692,0.417579],[0.447317],[0.487121],[0.53148,0.429101],[0.462583],[0.494605],[0.533747,0.42491],[0.453796],[0.485365],[0.521466,0.417225],[0.460084],[0.492074],[0.535734,0.443434],[0.472763],[0.51151,0.409266],[0.446388],[0.485471],[0.525676,0.427373],[0.464152],[0.494788],[0.525181,0.420796],[0.456865],[0.488209],[0.525784,0.428945],[0.459412],[0.48926],[0.531593,0.428422],[0.463851],[0.501618,0.397037],[0.433885],[0.464589],[0.50245,0.409028],[0.437687],[0.474025],[0.505427]};
time = 18.6s
size =  50
thresh = 0.5
