dist_err_carrot = {[,,,,,,,,,,,,,,,,,,,,,,,,,,,,,,,,,,,,,,,,,,,,,,,,,,,,,,,,,,,,,,,,,,,,,,,,,,,,,,,,,,,,,,,,,,,,,,,,,,,,,,,,,,,,,,,,,,,,0.126029,0.146522,0.166035,0.132973,0.127595,0.129104,0.0811835,0.0711442,0.0919339,0.029121,0.0575145,0.113888,0.0330384,0.0851193,0.0243552,0.0639228,0.120258,0.049812,0.0879897,0.0479442,0.0616634,0.0939904,0.0481554,0.0706365,0.115401,0.0372406,0.0683085,0.0220232,0.04377,0.0925069,0.0308988,0.0813029,0.0266219,0.0634079,0.11189,0.0582192,0.0910987,0.0522137,0.0740392,0.116589,0.062474,0.089708,0.0438268,0.0550103,0.101542,0.0310837,0.0847434,0.0175609,0.0591259,0.12519,0.0532491,0.110709,0.0526563,0.113731,0.0597961,0.100723,0.0569727,0.0932681,0.0549091,0.075762,0.118043,0.0616231,0.108181,0.0448494,0.0912167,0.0369955,0.0786638,0.0331275,0.058902,0.114886,0.0564674,0.102236,0.0535311,0.0771196,0.125009,0.067665,0.0998672,0.0541639,0.0621167,0.104824,0.0259261,0.0658818,0.0126003,0.0454956,0.092211,0.0284014,0.0824124,0.0179367,0.0559645,0.101333,0.0308225,0.0751253,0.128706,0.0629283,0.107496,0.0497222,0.074767,0.117893,0.0510949,0.0816045,0.0103638,0.0646309,0.027463,0.0384388,0.0949281,0.0334041,0.071544,0.0307496,0.054003,0.0984777,0.0271403,0.0809255,0.0348941,0.0560597,0.110906,0.0493711,0.101792,0.0358557,,0.0186931,0.109341]};
time = 47.8s
size =  50
set_speed = 0.3
,,,,,,,,,,,,,,,,,,,,,,,,,,,,,,,,,,,,,,,,,,,,,,,,,,,,,,,,,,,,,,,,,,,,,,,,,,,,,,,,,,,,,,,,,