xte_vel = [2.51936,2.51936,2.42095,2.30723,2.22443,2.16587,2.10604,2.05239,1.9963,1.94342,1.89403,1.84375,1.79962,1.75751,1.72265,1.69701,1.67608,1.6858,1.69119,1.6897,1.68975,1.69009,1.69153,1.68917,1.72366,1.74408,1.7483,1.74092,1.73113,1.71956,1.70206,1.69101,1.6684,0.20669,0.236149,0.247203,0.239918,0.226044,0.203066,0.171512,0.135121,0.101138,0.0588595,0.0344856,0.071009,0.0985797,0.113501,0.105058,0.0762148,0.0303634,0.00670369,0.0526729,0.0934223,0.126,0.145257,0.159222,0.155794,0.142623,0.123305,0.097254,0.0619079,0.0265635,0.00232779,0.0253186,0.0362823,0.0339162,0.0301789,0.0119256,0.00834141,0.0358538,0.0635482,0.0903501,0.117462,0.132115,0.138996,0.134153,0.118133,0.0971004,0.0694726,0.0506845,0.0316328,0.018025,0.0350546,0.0482046,0.0661004,0.0628697,0.0497437,0.0289994,0.0186281,0.0192313,0.0424581,0.055544,0.0706526,0.0790318,0.0743564,0.0697919,0.0655614,0.0555366,0.0453734,0.0352238,0.0181663,0.00672587,0.00956075,0.0142204,0.00957291,0.0112179,0.013448,0.0138012,0.0120029,0.00330941,0.00457575,0.0145716,0.0142221,0.0216341,0.0269502,0.028548,0.0256702,0.0248473,0.0217214,0.0174399,0.00872845,0.00794582,0.00316874,0.00508166,0.00967203,0.0113,0.0121638,0.0106083,0.00350346,0.00509704,0.0116683,0.0171888,0.0167305,0.0148903,0.0204026,0.0212384];
time = 34s
thresh = 0.2
set_speed = 0.4
