dist_err_vel = {[3.26549,3.26549,3.25549,3.19272,3.11799,3.03805,2.95575,2.8738,2.79474,2.71688,2.64749,2.57519,2.50008,2.42189,2.34391,2.26505,2.18634,2.10877,2.03337,1.95784,1.88759,1.81617,1.74578,1.67248,1.59628,1.52026,1.44917,1.37732,1.30732,1.23532,1.15857,1.08297,1.0053,0.925573,0.844035,0.76352,0.685012,0.603233,0.527705,0.45421],[0.366512],[0.343416],[0.3859],[0.485969],[0.581907,0.56579,0.520404,0.471368],[0.538077,0.475819],[0.514671,0.441809],[0.474841],[0.511014,0.435499],[0.470949],[0.517296,0.444398],[0.495155],[0.554206,0.486662],[0.547532,0.486807],[0.545262,0.479369],[0.537717,0.476403],[0.539031,0.47116],[0.534249,0.468544],[0.528523,0.453418],[0.507858,0.44021],[0.491556],[0.532872,0.466031],[0.514154,0.444107],[0.496347],[0.556102,0.483407],[0.537191,0.469555],[0.518457,0.455398],[0.50741,0.445731],[0.510302,0.440129],[0.515351,0.45568],[0.52985,0.472998],[0.544501,0.490392],[0.565934,0.509134,0.459117],[0.523418,0.467511],[0.537018,0.481719],[0.544234,0.49405],[0.549588,0.492856],[0.551759,0.497978],[0.558441,0.498476],[0.551636,0.47751],[0.529898,0.465926],[0.517811,0.446914],[0.508013,0.438127],[0.494839],[0.554404,0.497911],[0.559956,0.503633,0.439275],[0.508696,0.440039],[0.51117,0.438994],[0.503255]};
time = 26s
size =  50
thresh = 0.5
set_speed = 0.4
