dist_err_carrot = {[2.96522,2.96522,2.93622,2.83627,2.72328,2.60925,2.49426,2.38027,2.26928,2.1583,2.0485,1.93953,1.83156,1.7226,1.61364,1.50672,1.40086,1.29407,1.18636,1.08035,0.97385,0.867711,0.765938,0.661951,0.557319,0.455685,0.355602,0.255641,0.156129,0.080453,0.0887282,0.124304,0.091624,0.0886301,0.166934,0.256054,0.334799,0.391861,0.438247,0.47768,0.536495,0.600396,0.68661,0.781075,0.887702,0.982597,1.06676,1.13678,1.20217,1.26024,1.32055,1.36709,1.43837,1.52233,1.61982,1.70908,1.80363,1.88213,1.95416,2.02705,2.10443,2.16872,2.2305,2.30584,2.37415,2.45076,2.53546,2.62641,2.71712,2.8149,2.90135,2.98154,3.04463,3.10352,3.16666,3.24693,3.33376,3.42036,3.51498,3.60499,3.67984,3.75373,3.82384,3.88864,3.96721,4.05873,4.14615,4.2401,4.32389,4.39579,4.46326,4.52912,4.59141,4.65782,4.72368,4.80256,4.88658,4.97111,5.05168,5.13793,5.21426,5.29215,5.36872,5.447,5.53782,5.62732,5.70928,5.78123,5.84731,5.90475,5.96432,6.02025,6.09275,6.17686,6.25254,6.33099,6.40007,6.45824,6.51335,6.56274,6.63475,6.71026,6.78119,6.86209]};
time = 24.6s
size =  50
set_speed = 0.5
