dist_err_vel = {[3.07253,3.07253,3.05251,3.00152,2.94453,2.88656,2.82761,2.76862,2.7097,2.65605,2.60207,2.54821,2.49137,2.4354,2.3796,2.32664,2.27288,2.22092,2.16865,2.1117,2.05375,1.99752,1.94156,1.88414,1.827,1.77403,1.72196,1.67095,1.61798,1.5658,1.51295,1.45898,1.40724,1.35404,1.29842,1.24325,1.18831,1.13138,1.07796,1.02484,0.97294,0.919869,0.866983,0.812978,0.757124,0.700219,0.648631,0.598962,0.549456,0.497182,0.447189,0.394528,0.341326,0.287156,0.235004,0.184965],[0.207764,0.190971],[0.309044,0.305762,0.289658,0.267871,0.237615,0.209286,0.199066],[0.240773,0.205149,0.172905],[0.177397],[0.19305],[0.236177,0.203508,0.168285],[0.238478,0.203962,0.164262],[0.221795,0.171924],[0.221942,0.163821],[0.207965,0.162588],[0.215633,0.170615],[0.223057,0.181003],[0.218395,0.176305],[0.200565,0.154114],[0.175155],[0.198601],[0.224305,0.161572],[0.190946],[0.217492,0.144763],[0.185117],[0.2318,0.178312],[0.255667,0.217655,0.198595],[0.27623,0.251829,0.233379,0.223191,0.226446,0.238904,0.263474,0.280932,0.302229,0.319081,0.3385,0.353157,0.368843,0.377484,0.387371,0.390314,0.38916,0.382906,0.370433,0.376949,0.379403,0.366957,0.358103,0.340301,0.334239,0.319108,0.313906,0.311601,0.305014,0.30156,0.30959,0.322327,0.332094,0.332953,0.335785,0.340289,0.34362,0.342362,0.349237,0.363771,0.361941,0.367127,0.373861,0.372534,0.370357,0.374277,0.371393,0.366902,0.360402,0.351865,0.339832,0.327056,0.305798,0.293338,0.267917,0.248723,0.229375,0.205513,0.193011],[0.11653],[0.160012],[0.26516,0.309331,0.326975,0.349709,0.345668,0.341727,0.320785,0.300396,0.27801,0.257885,0.250372,0.237176,0.217521,0.215944,0.194728],[0.30071,0.29507,0.276256,0.256859,0.229362,0.208912,0.185588],[0.256273,0.227157,0.201018,0.183572],[0.235941,0.203246,0.171397],[0.209507,0.164231],[0.195401],[0.229901,0.163351],[0.190158],[0.210546,0.15612],[0.172573],[0.181371],[0.203404,0.128255],[0.139987],[0.140281],[0.149897],[0.155122],[0.186164],[0.222853,0.184571],[0.245465,0.227579,0.20963,0.206289,0.20161,0.194677],[0.233356,0.211119,0.207317,0.191099],[0.282634,0.271253,0.254575,0.239183,0.218299,0.191598],[0.27709,0.252741,0.217839,0.176737],[0.234256,0.184041],[0.250567]};
time = 46.8s
size =  50
thresh = 0.2
set_speed = 0.3
