xte_pos = [0.167675,0.152141,0.14363,0.135182,0.132969,0.130076,0.138688,0.136774,0.142606,0.146899,0.14476,0.13741,0.135679,0.131723,0.125889,0.119319,0.112198,0.10122,0.0888684,0.0856514,0.0717429,0.0680048,0.0641528,0.0568666,0.0653344,0.0575432,0.0612038,0.072774,0.0714817,0.0704215,0.069825,0.067368,0.0655059,0.06702,0.067193,0.0689373,0.062603,0.0640756,0.0649864,0.0647319,0.0647419,0.0627139,0.0610828,0.0699673,0.074731,0.0821676,0.0917359,0.102747,0.101426,0.109664,0.115702,0.117199,0.120629,0.122662,0.119449,0.123162,0.120143,0.12287,0.116812,0.113499,0.112807,0.113978,0.113415,0.117715,0.106397,0.116669,0.119548,0.117119,0.120379,0.123515,0.120174,0.122943,0.122417,0.125556,0.127865,0.130816,0.122506,0.133469,0.1435760.153749,0.150831,0.142438,0.155861,0.157955,0.175175,0.182557,0.191132,0.193148,0.208883,0.211271,0.21162,0.20495,0.2178,0.215646,0.212202,0.205028,0.215226,0.209645,0.204475,0.194212,0.199044,0.195304,0.192006,0.18038,0.176066,0.167943,0.164975,0.154216,0.146378,0.146814,0.144711,0.138578,0.140837,0.135378,0.12929,0.11997,0.114339,0.114308,0.116183,0.115471,0.119761,0.117018,0.12926,0.130001,0.137287,0.135669,0.142223,0.137958,0.145191,0.145083,0.144086,0.146833,0.145878,0.136755,0.139972,0.129348,0.134499,0.127297,0.127166,0.132565,0.140256,0.13655,0.14677,0.146352,0.143443,0.144086,0.154072,0.153522,0.155223,0.159843,0.157913,0.1566250.154682,0.151732,0.151686,0.151895,0.152424,0.142762,0.147378,0.152846,0.149774,0.158753,0.154478,0.157604,0.152963,0.164895,0.168935,0.177245,0.17074,0.182726,0.177237,0.178369,0.173016,0.165545,0.181767,0.176288,0.175577,0.177979,0.168005,0.169333,0.158157,0.15197,0.149569,0.145386,0.142924,0.134393,0.132988,0.131339,0.135018,0.131906,0.139986,0.140011,0.149892,0.148183,0.157557,0.156216,0.156886,0.145473,0.14669,0.13744,0.132925,0.12584,0.125282,0.122896,0.119816,0.119505,0.118904,0.118439,0.123615,0.128295,0.118911,0.127225,0.122604,0.122593,0.114695,0.111187,0.107511,0.113174,0.105933,0.107604,0.10379,0.109304,0.0987258,0.0995381,0.104523];
time = 50.6s
thresh = 0.4
,,,,,