dist_err_carrot = {[3.03102,3.03102,3.02404,2.98804,2.94604,2.90608,2.87109,2.83215,2.79522,2.7563,2.71741,2.67842,2.64355,2.60756,2.57585,2.54221,2.50788,2.47016,2.43376,2.39811,2.36719,2.34063,2.31151,2.29001,2.27001,2.24014,2.20926,2.17499,2.13814,2.1023,2.06746,2.03859,2.00376,1.97092,1.9361,1.90427,1.87245,1.84361,1.8108,1.78198,1.74919,1.71541,1.67965,1.64391,1.60818,1.57262,1.53516,1.49942,1.46396,1.43022,1.39664,1.36687,1.32939,1.29368,1.26419,1.23459,1.20038,1.16902,1.13446,1.09792,1.05918,1.0207,0.9818,0.94235,0.908565,0.87414,0.840116,0.804808,0.765467,0.726254,0.688188,0.650199,0.610419,0.572447,0.533479,0.495511,0.460223,0.425324,0.392435,0.356733,0.321922,0.286164,0.252455,0.216863,0.180451,0.143369,0.113163,0.0830058,0.063402,0.0443896,0.0327285,0.0182113,0.0274074,0.0472726,0.0791868,0.0347679,0.032288,0.03907,0.0651967,0.0886976,0.0359083,0.0387953,0.0483746,0.0780567,0.0403188,0.0329488,0.0547317,0.090699,0.0248579,0.0410557,0.0697176,0.0343076,0.0295616,0.0509633,0.0795543,0.0248874,0.044098,0.0782001,0.0291572,0.0459666,0.0778318,0.0284438,0.0441073,0.080339,0.0354033,0.0687006,0.0495976,0.0595134,0.088002,0.0479439,0.0681785,0.0491002,0.0493155,0.0793379,0.039631,0.0616073,0.0222877,0.0519064,0.0225592,0.0361206,0.0708343,0.0146745,0.0569229,0.0165337,0.0323639,0.0636486,0.0192964,0.0441956,0.0824554,0.0155317,0.0539533,0.0986841,0.034299,0.0714244,0.0278129,0.0457597,0.0889297,0.0542141,0.0642548,0.0880931,0.0725192,0.0749682,0.0961387,0.127001,0.0896492,0.095422,0.113051,0.138138,0.0824594,0.0922324,0.112291,0.136168,0.0878244,0.104798,0.116748,0.134709,0.075381,0.0768135,0.074176,0.0940516,0.0543332,0.0440632,0.0523061,0.0722023,0.0389318,0.0275444,0.0409402,0.0746429,0.0205971,0.0322272,0.0559922,0.0862078,0.0275364,0.0423096,0.0661747,0.010727,0.0368567,0.0668985,0.0159206,0.0414116,0.077057,0.0316747,0.0574582,0.0268521,0.046181,0.0842072,0.0394711,0.0711393,0.0370075,0.0511167,0.0890147,0.0428933,0.067056,0.031753,0.048037,0.07662,0.0335472,0.0584352,0.0307365,0.0348738,0.065182,0.0413614,0.0551164,0.075395,0.0599782,0.0472627,0.0569081,0.0769429,0.0371603,0.0450669,0.0677569,0.0413636,0.0318162,0.0565337,0.0850861,0.0364665,0.0407815,0.0698323,0.090353,0.0265397,0.0379255,0.0711455,0.106224,0.0402924]};
time = 48.6s
size =  50
set_speed = 0.2
