xte_vel = [0.0180469,0.0227262,0.0414841,0.0610701,0.0879358,0.097425,0.109183,0.120972,0.111885,0.107096,0.092169,0.0901756,0.0678496,0.0565676,0.0399339,0.0252712,0.0102178,0.00757418,0.00810056,0.00578804,0.00321137,0.0119174,0.0170936,0.0222329,0.0331385,0.0483351,0.0687602,0.0850409,0.108123,0.123635,0.140403,0.148754,0.15328,0.143814,0.144545,0.124416,0.112931,0.0845059,0.0709696,0.0568491,0.0442796,0.0395593,0.0360082,0.0479796,0.0479797,0.0621879,0.0729385,0.077607,0.100556,0.102932,0.113024,0.117604,0.116995,0.104845,0.0937081,0.0960981,0.0786787,0.0736699,0.0584504,0.0524701,0.040082,0.0316702,0.0328878,0.0265255,0.0229493,0.0208849,0.0184439,0.00709268,0.00921006,0.0180554,0.0290241,0.0470809,0.0588639,0.0783188,0.111456,0.126317,0.14223,0.141385,0.153686,0.146973,0.142261,0.130744,0.125403,0.1211650.0874002,0.0971086,0.10709,0.112887,0.129315,0.130521,0.141258,0.129177,0.13223,0.116063,0.110199,0.0981868,0.0855076,0.0692004,0.0583769,0.0412567,0.0286418,0.0287378,0.0201637,0.0137094,0.0258409,0.00964514,0.00511664,0.00623905,0.0188614,0.0372278,0.0508423,0.0547055,0.0695856,0.074736,0.093681,0.0999786,0.103043,0.104503,0.113236,0.103092,0.106041,0.0964986,0.0988209,0.0947842,0.0934111,0.100827,0.100145,0.108057,0.114387,0.122816,0.127067,0.139362,0.139967,0.137888,0.136483,0.115072,0.106414,0.089245,0.069999,0.0631202,0.0449104,0.0489481,0.0391181,0.0383856,0.0355164,0.030829,0.0292006,0.0174908,0.018886,0.0129393,0.0099819,0.00559247,0.00475181,0.0160155,0.0267979,0.0370598,0.0469948,0.0619769,0.0735206,0.0941934,0.100048,0.120109,0.122058,0.13731,0.134616,0.130913,0.127180.105856,0.126956,0.137203,0.148139,0.151111,0.16685,0.164689,0.166635,0.160762,0.162527,0.152016,0.140414,0.11614,0.117675,0.092219,0.0855464,0.0614251,0.0495774,0.0399918,0.0297578,0.014525,0.00547763,0.00950751,0.0277726,0.0424752,0.0488226,0.0719185,0.0830669,0.0995245,0.11875,0.11858,0.123058,0.127846,0.123414,0.119144,0.109263,0.0943632,0.06896,0.0631684,0.0499075,0.0497096,0.051245,0.0597794,0.0705029,0.0840014,0.0981538,0.0969121,0.0995381,0.103267,0.0930814,0.0890682,0.0826773,0.0744072,0.0643332,0.0628662,0.0604012,0.0546139,0.0500878,0.0462144,0.0307153,0.021323,0.0105066,0.00576948,0.0197883,0.0372318,0.0422141,0.0546234,0.0618533,0.0728439,0.0798538,0.0891301,0.100734,0.103833,0.109603,0.10833,0.110241,0.12014,0.13026,0.120086,0.126107];
time = 60.4s
thresh = 0.2
set_speed = 0.4
,,