dist_err_vel = {[,,,,,,,,,,,,,,,,,,,,,,,,,,],[0.204388],[0.19904],[0.363062],[0.532032,0.49279,0.41678,0.332029],[0.389535],[0.438015,0.344361],[0.392463],[0.430336,0.335461],[0.373885],[0.407999,0.310752],[0.347917],[0.385318],[0.426853,0.327061],[0.367483],[0.40545,0.307746],[0.352428],[0.393621],[0.429725,0.319016],[0.352064],[0.392704],[0.428506,0.31708],[0.357798],[0.39805],[0.432212,0.33032],[0.362908],[0.402199,0.300959],[0.341345],[0.373829],[0.414227,0.306679],[0.351011],[0.384139],[0.407511,0.301349],[0.334878],[0.37144],[0.403891,0.290772],[0.327735],[0.358496],[0.389267],[0.421588,0.318946],[0.347683],[0.380859],[0.419397,0.312152],[0.347563],[0.38743],[0.431082,0.322421],[0.360645],[0.398312],[0.432724,0.341565],[0.377065,,,,,,,,,,,,,,,,,,,,,,,,,,,,,,,,,,,,,,,,,,,,,,,,,,,,,,,,,,,,,,,,,,,,,,,,,,],[0.103646],[0.142659],[0.37781],[0.593128,0.601766,0.57998,0.55257,0.513352,0.456046,0.39582],[0.452741,0.373946],[0.427497,0.347911],[0.39928],[0.444109,0.354424],[0.401312,0.297238],[0.339606],[0.388886],[0.445075,0.34741],[0.400401,0.304493],[0.359576],[0.405489,0.31254],[0.372356],[0.421811,0.331405],[0.374568],[0.424326,0.337823],[0.38814],[0.450425,0.364126],[0.413347,0.320813],[0.369433],[0.419236,0.324179],[0.373458],[0.416229,0.322098],[0.363286],[0.404571,0.305294],[0.353957],[0.396651],[0.443066,0.343855],[0.392079],[0.444785,0.354751],[0.405975,0.307796],[0.351821],[0.393116],[0.433971,0.341302],[0.390457],[0.426116,0.325576],[0.364512],[0.409262,0.303397],[0.342797],[0.381312],[0.420647,0.316537],[0.36105],[0.393319],[0.427304,0.326066],[0.364176],[0.407058,,,,,,,,,,,,,,,,,,,,,,,,,,,,,,,,,,,,,,,,,,,,,,,,,,,,,,,,,,,,,,,,,,,,,,,],[0.151193],[0.198758],[0.406252,0.457894,0.486587,0.495572,0.478067,0.445171,0.391818],[0.459445,0.397792],[0.466713,0.390588],[0.450914,0.363462],[0.412658,0.318658],[0.371891],[0.41595,0.324422],[0.369045],[0.408896,0.319333],[0.368225],[0.407541,0.321495],[0.373146],[0.424323,0.330505],[0.38431],[0.429029,0.333673],[0.370911],[0.419342,0.329907],[0.374983],[0.427439,0.339404],[0.389517],[0.427007,0.331297],[0.37226],[0.413875,0.315732],[0.350157],[0.383307],[0.418717,0.318928],[0.349274],[0.384276],[0.417534,0.31926],[0.352856],[0.386843],[0.420574,0.32386],[0.359428],[0.397258],[0.433223,0.32745],[0.365804],[0.402675,0.302736],[0.331561],[0.371943],[0.409087,0.297312],[0.335158],[0.360586],[0.398956],[0.438381,0.329351],[0.36995],[0.408363,0.303587],[0.339594]};
time = 78.8s
size =  50
thresh = 0.4
set_speed = 0.5
],[,,,,,,,,,,,,,,,,,,,,,,,,,,,,,,,,,,,,,,,,,,,,,,,,,,,,,