xte_vel = [2.45147,2.45147,2.31956,2.21251,2.16713,2.14543,2.11438,2.08977,2.05817,2.03205,1.99418,1.96884,1.92833,1.89868,1.855,1.81975,1.77964,1.74887,1.7092,1.67254,1.6257,1.58798,1.54079,1.50521,1.46533,1.43108,1.38405,1.34804,1.30106,1.26109,1.21646,1.18396,1.14075,1.10466,1.05435,1.01745,0.975276,0.936674,0.893765,0.854752,0.808822,0.772861,0.726124,0.689603,0.641492,0.603771,0.567266,0.534637,0.494658,0.460103,0.429092,0.400759,0.365764,0.343789,0.307866,0.275194,0.252124,0.229079,0.202713,0.178393,0.164028,0.142466,0.122147,0.101662,0.0808414,0.0584052,0.0455274,0.0451464,0.0524479,0.0575001,0.0660001,0.0681244,0.075532,0.0839909,0.0817164,0.0920007,0.0923109,0.103067,0.104309,0.11335,0.117112,0.120977,0.117925,0.122568,0.122145,0.116532,0.111029,0.104936,0.0975545,0.0984454,0.0963823,0.0914374,0.0904607,0.0823648,0.0890812,0.0877411,0.0951314,0.0917416,0.0969104,0.0951074,0.0976383,0.0989406,0.103448,0.105269,0.111508,0.105892,0.111162,0.111699,0.124263,0.125519,0.130383,0.13221,0.13989,0.142592,0.147987,0.149239,0.150745,0.150551,0.145049,0.14256,0.137149,0.132784,0.131699,0.125391,0.122675,0.114423,0.110904,0.110302,0.10043,0.0962647,0.0863175,0.086175,0.0793332,0.0686738,0.0640116,0.0609882,0.0589447,0.0575088,0.0556208,0.0534008,0.0595343,0.0596058,0.0633974,0.0544755,0.0627416,0.0627444,0.0676004,0.0729154,0.0833254,0.0889869,0.0894024,0.089771,0.10157,0.101911,0.120948,0.12129,0.12923,0.129681,0.143344,0.144199,0.144835,0.145495,0.145693,0.139681,0.146822,0.141368,0.136174,0.123391,0.112917,0.113282,0.100564,0.0897188,0.0768438,0.06651,0.0617682,0.0572974,0.0396217,0.034885,0.0212886,0.0174834,0.0141217,0.0141198,0.0161358,0.0173459,0.0209638,0.0250835,0.030786,0.0364982,0.0360579,0.0422168,0.0463185,0.0456199,0.0572014,0.0568343,0.0631371,0.0627508,0.0625667,0.0625079,0.0623941,0.0621756,0.0694574,0.0636668,0.0638497,0.0709579,0.0596801,0.0594146,0.0490058,0.0529838,0.0476899,0.0424826,0.0367257,0.019912,0.0208932,0.0256442,0.0299639,0.0392611,0.0412044,0.0455045,0.0576819,0.0578656,0.0564591,0.050056,0.0484603,0.0414043];
time = 44.6s
thresh = 0.5
set_speed = 0.2
