thresh = 0.3m
rmse_pos = {[2.48792,2.48792,2.3639,2.22724,2.03565,1.8282,1.63947,1.40866,1.19655,0.989365,0.824813,0.669344,0.568264,0.503048,0.448145,0.394692,0.357685,0.320334,0.286626],[0.174643],[0.197786],[0.31128,0.309839,0.280648],[0.388358,0.366941,0.340554,0.310462,0.281783],[0.37191,0.33351,0.291006],[0.378562,0.334551,0.295605],[0.3847,0.345959,0.310346,0.263317],[0.372125,0.324128,0.302649,0.255303],[0.361506,0.325932,0.290019],[0.387045,0.360781,0.309279,0.274969],[0.3624,0.327928,0.294789],[0.392122,0.344516,0.302008,0.251837],[0.346369,0.305029,0.26737],[0.350937,0.301005,0.248593],[0.335745,0.298541],[0.377098,0.321837,0.270165],[0.346995,0.306268,0.244806],[0.328722,0.274753],[0.355564,0.299871],[0.387592,0.321375,0.259694],[0.338403,0.283926],[0.35888,0.304663,0.238109],[0.313701,0.254931],[0.330911,0.273394],[0.345966,0.279303],[0.348529,0.28966],[0.35549,0.292505],[0.358548,0.293076],[0.35661,0.285694],[0.347663,0.285789],[0.335215,0.257464],[0.316069,0.238345],[0.304311,0.238243],[0.294309],[0.370764,0.298868],[0.369921,0.298474],[0.356714,0.277196],[0.344312,0.269093],[0.333167,0.267004],[0.329238,0.265305],[0.330943,0.263457],[0.32427,0.250643],[0.320234,0.263262],[0.331716,0.268753],[0.350119,0.284816],[0.361958,0.294846],[0.357113,0.292476],[0.369597,0.294841],[0.365356]};
time = 26.8s
size =  50
thresh = 0.3
