dist_err_carrot = {[2.39461,2.39461,2.25703,2.12604,1.90982,1.71943,1.52348,1.30874,1.14941,1.03823,0.935101,0.87985,0.893019,0.855422,0.846735,0.773747,0.735477,0.629365,0.567893,0.4635,0.373161,0.245376,0.153171,0.0390226,0.0953638,0.23196,0.303616,0.397521,0.438904,0.489127,0.539909,0.629355,0.7344,0.882436,1.00815,1.10557,1.17919,1.23212,1.27459,1.3286,1.38336,1.50699,1.62173,1.74104,1.78216,1.81754,1.85505,1.89572,1.95087,2.02141,2.11753,2.27495,2.42721,2.53074,2.57711,2.6122,2.63858,2.68561,2.75525,2.88424,3.03713,3.19093,3.26023,3.29185,3.30089,3.31586,3.34581,3.37463,3.42759,3.53514,3.65614,3.82542,3.92606,3.98845,4.03479,4.08131,4.13241,4.21763,4.37322,4.54607,4.67522,4.74643,4.78472,4.80216,4.81763,4.8436,4.90731,4.96623,5.08962,5.23869,5.35743,5.44114,5.49318,5.51311,5.55258,5.61447,5.73837,5.88768,6.04021,6.14372,6.20919,6.24567,6.26964,6.30189,6.34184,6.39569,6.52459,6.65331,6.80899,6.89084]};
time = 21.8s
size =  50
set_speed = 1
