dist_err_pos = {[7.21155,7.21155,7.1919,7.125,7.02253,6.94316,6.8768,6.81981,6.65614,6.29031,5.83557,5.19998,4.56587,4.00304,3.33786,2.8001,2.31352,1.91346,1.60647,1.30253,1.0967,0.887312,0.747167,0.648461,0.567186,0.499419],[0.305269],[0.15543],[0.156804],[0.282869],[0.411685],[0.524859,0.486218],[0.563549,0.491954],[0.56149,0.483953],[0.537458,0.441517],[0.506792,0.409715],[0.467743],[0.527742,0.44312],[0.495607],[0.555666,0.470005],[0.519711,0.424769],[0.482237],[0.535631,0.442721],[0.490189],[0.544926,0.44706],[0.497194],[0.547197,0.460741],[0.497163],[0.539021,0.447903],[0.494392],[0.557885,0.455653],[0.511756,0.409153],[0.464016],[0.509051,0.426719],[0.471993],[0.529543,0.436699],[0.484314],[0.527907,0.441981],[0.480318],[0.528316,0.43409],[0.482302],[0.524483,0.435788],[0.473482],[0.535185,0.431517],[0.477962],[0.520124,0.430497],[0.469405],[0.52421,0.424891],[0.46667],[0.52553,0.425075],[0.468691],[0.519688,0.422926],[0.460053],[0.516484,0.411031],[0.454285]};
time = 19.8s
size =  50
thresh = 0.5
