dist_err_vel = {[3.21396,3.21396,3.18376,3.09878,2.99381,2.87996,2.76315,2.65137,2.54363,2.4377,2.33231,2.22671,2.12117,2.02035,1.92153,1.82116,1.72008,1.6099,1.51083,1.40726,1.30641,1.20297,1.10133,1.00107,0.900769,0.802011,0.7013,0.604461,0.506765,0.407788,0.315032,0.227669],[0.148524],[0.211102],[0.333706,0.328806,0.281969],[0.324152,0.240886],[0.294416],[0.35187,0.299981],[0.373004,0.333569,0.29995],[0.373708,0.337063,0.31081,0.288352],[0.321471,0.2909],[0.286499],[0.284452],[0.292775],[0.303262,0.207346],[0.205302],[0.208709],[0.222048],[0.23948],[0.26399],[0.286151],[0.325788,0.244047],[0.291016],[0.337172,0.268024],[0.303098,0.255221],[0.269557],[0.292104],[0.303622,0.264579],[0.259635],[0.262346],[0.264526],[0.273053],[0.279017],[0.282086],[0.290844],[0.304248,0.233593],[0.25705],[0.283723],[0.317559,0.284932],[0.295578],[0.302046,0.294257],[0.294079],[0.294929],[0.284439],[0.276352],[0.272162],[0.26732],[0.26052],[0.259822],[0.25488],[0.255785]};
time = 19.6s
size =  50
thresh = 0.3
set_speed = 0.5
