xte_vel = [2.24709,2.21807,2.18808,2.15706,2.12705,2.09905,2.07503,2.04802,2.019,1.99002,1.96106,1.93111,1.90329,1.87541,1.84772,1.81791,1.78512,1.7579,1.73222,1.71056,1.68893,1.66476,1.64225,1.61931,1.59846,1.57812,1.55988,1.53955,1.51841,1.49849,1.47958,1.45908,1.43474,1.41041,1.38807,1.36717,1.34782,1.32847,1.31013,1.2928,1.27347,1.25055,1.22625,1.20127,1.17933,1.15839,1.13649,1.11853,1.09827,1.07552,1.05431,1.03533,1.01276,0.988775,0.966792,0.948485,0.925497,0.901257,0.877092,0.852095,0.829044,0.802,0.776,0.750055,0.722014,0.697126,0.673055,0.650126,0.625292,0.605134,0.587297,0.566295,0.544539,0.525303,0.5063,0.487125,0.46812,0.44602,0.423005,0.40309,0.384104,0.36732,0.351334,0.338669,0.327691,0.321676,0.319653,0.314636,0.309619,0.303269,0.298238,0.292151,0.287301,0.281288,0.274811,0.268481,0.262424,0.258102,0.255311,0.254324,0.253053,0.252223,0.251138,0.251073,0.25144,0.249528,0.247874,0.247305,0.249802,0.253978,0.258649,0.26106,0.265941,0.268643,0.273087,0.276207,0.278043,0.283147,0.289365,0.294331,0.299644,0.302577,0.311832,0.319776,0.325195,0.328464,0.329363,0.326438,0.323666,0.324555,0.326466,0.326802,0.327112,0.330836,0.334133,0.338008,0.34344,0.345228,0.348492,0.351291,0.354557,0.354422,0.357328,0.358578,0.363682,0.368053,0.366341,0.366979,0.360807,0.361128,0.356729,0.352209,0.347811,0.346599,0.34212,0.336764,0.329658,0.316423,0.308429,0.294316,0.28538,0.273083,0.263578,0.257384,0.251739,0.24402,0.235214,0.220709,0.201783,0.183283,0.164361,0.155045,0.149,0.143084,0.139489,0.136652,0.138905,0.14627,0.153213,0.164337,0.175968,0.189434,0.201347,0.218188,0.232271,0.251999,0.261516,0.285282,0.322961,0.344006,0.366017,0.369531,0.351698,0.336003,0.317488,0.304278,0.284087,0.275491,0.266535,0.265286,0.265402,0.265947,0.256529,0.256685,0.255492,0.253575,0.262172,0.263759,0.268062,0.263036,0.257489,0.26019,0.254995,0.245802,0.244303,0.232704,0.220287,0.209195,0.204931,0.190447,0.175056,0.168037,0.151978,0.136389,0.129153,0.113619,0.103937,0.0872756,0.0726063,0.0636818,0.0462222,0.043375,0.0346978,0.0234351,0.0178051,0.0213004,0.0245246,0.0264224,0.0413985,0.0516855,0.0669953,0.0836586,0.0929547,0.0899139,0.100221,0.102349,0.112588,0.114672,0.125191,0.134728,0.135733,0.15014,0.164674,0.170413,0.170019,0.169679,0.17346,0.172474,0.179723,0.177744,0.18195,0.190912,0.189673,0.200838];
time = 58.6s
thresh = 0.5
set_speed = 0.1
