dist_err_vel = {[,,,,,,,,,,,,,,,,,,,,,,,,,,,,,,,,,,,,,,,],[0.136938],[0.228112,0.224753,0.198719],[0.257186,0.20467,0.122089],[0.182194],[0.238241,0.176855],[0.256022,0.193687],[0.269496,0.21698,0.172989],[0.223869,0.176368],[0.205054,0.141337],[0.16462],[0.218356,0.120599],[0.164437],[0.194282],[0.216567,0.118012],[0.164946],[0.203732,0.133594],[0.194965],[0.250665,0.206266,0.169005],[0.199519],[0.244566,0.1795],[0.19203],[0.230502,0.136187],[0.155633],[0.181834],[0.210679,0.125546],[0.14885],[0.18856],[0.235952,0.160493],[0.219085,0.165023],[0.209611,0.152416],[0.183133],[0.226873,0.152681],[0.189237],[0.224155,0.138867],[0.178729],[0.221218,0.131591],[0.171511],[0.227589,0.146012],[0.196615],[0.246611,0.18447],[0.236589,0.167013],[0.215349,0.153353],[0.18979],[0.239041,0.150384],[0.187945],[0.229007,0.132525],[0.177266],[0.198757],[0.24552],[0.2026,0.127459],[0.187715],[0.236725,0.168553],[0.210763,0.140737],[0.177111],[0.212531,0.136247],[0.16659],[0.206962,0.12412],[0.161904],[0.191555],[0.248519,0.161539],[0.207174,0.130847],[0.164479],[0.217937,0.140703],[0.180976],[0.223678,0.147039],[0.187982],[0.221181,0.149467],[0.177048],[0.226401,0.144305],[0.166794],[0.207785,0.123132],[0.15656],[0.185847],[0.227519,0.136924],[0.176499],[0.223897,0.154159],[0.204231,0.15015],[0.189671],[0.223713,0.159719],[0.183198],[0.217228,0.138245],[0.164312],[0.192586],[0.224913,0.132358],[0.169026],[0.203363,0.134821],[0.179806],[0.226791,0.1698],[0.216572,0.154265],[0.185871],[0.225424,0.153398],[0.192828],[0.229616,0.150189],[0.170314],[0.206112,0.125435],[0.169001],[0.207543,0.127267],[0.17922],[0.146256],[0.185929],[0.223233,0.147949],[0.187719],[0.230835,0.143354],[0.179598],[0.218191,0.132534],[0.171129],[0.212572,0.146704],[0.192129],[0.243173,0.158346],[0.203267,0.126506],[0.157428],[0.178054],[0.218068,0.121936],[0.151422],[0.171411],[0.201343,0.100714],[0.127182],[0.14758],[0.179074],[0.21914,0.15478],[0.186039],[0.230265,0.173893],[0.197249],[0.232443,0.178694],[0.191689],[0.214684,0.142389],[0.168056],[0.187572],[0.218672,0.12012],[0.147903],[0.166239],[0.193512],[0.24318,0.164257],[0.212361,0.168484],[0.216432,0.177324],[0.205717,0.163264],[0.17451],[0.188806],[0.229973,0.146663],[0.191443],[0.224714,0.133832],[0.163897],[0.194344],[0.243408,0.164203],[0.207083,0.157437],[0.218154,0.16491],[0.203739]};
time = 53s
size =  50
thresh = 0.2
set_speed = 0.4
],[,,,,,,,,,,,,,,,,,,,,,,,,,,,,,,,,,,,,,,,,,,,,,,,,,,,,,