dist_err_pos = {[2.90173,2.90173,2.84974,2.66071,2.42406,2.18318,1.93932,1.69365,1.45891,1.21829,0.986604,0.755181,0.569031,0.422249,0.316739,0.23509],[0.255314],[0.34309,0.32868,0.318655,0.291992],[0.383756,0.365507,0.330894,0.31172,0.276515],[0.373105,0.348272,0.325895,0.29254],[0.372037,0.334563,0.308349,0.26148],[0.328992,0.290443],[0.355119,0.31561,0.27898],[0.339995,0.29913],[0.343842,0.291226],[0.343364,0.289218],[0.336539,0.282669],[0.321287,0.268248],[0.298735],[0.338104,0.285359],[0.321586,0.277775],[0.31163,0.264611],[0.308647,0.264203],[0.313183,0.270766],[0.332418,0.286447],[0.352053,0.311204,0.264742],[0.337408,0.300164,0.263668],[0.332397,0.296633],[0.36843,0.335166,0.290713],[0.356474,0.322288,0.286196],[0.344214,0.308517,0.266452],[0.332502,0.297847],[0.357405,0.316596,0.272055],[0.318049,0.285261],[0.338312,0.298458],[0.348622,0.312138,0.275632],[0.317137,0.278377],[0.317734,0.272596],[0.321517,0.277009],[0.326966,0.280401],[0.328992,0.290411],[0.340576,0.303083,0.265945],[0.312634,0.281292],[0.334548,0.310305,0.271004],[0.325272,0.286174],[0.35522,0.310615,0.279243],[0.330511,0.293211],[0.34735,0.309929,0.285658],[0.349839,0.312684,0.275834],[0.333606,0.291345],[0.350904,0.311605,0.266156],[0.327543,0.285623],[0.349469,0.301724,0.250704],[0.322361,0.280875],[0.354667]};
time = 26.8s
size =  50
thresh = 0.3
