xte_vel = [2.49415,2.49415,2.37676,2.26805,2.21399,2.1704,2.13086,2.08886,2.05549,2.02112,1.98692,1.9545,1.92039,1.88883,1.86067,1.82006,1.79199,1.75624,1.72082,1.68387,1.65329,1.61732,1.58599,1.5502,1.5133,1.47726,1.45096,1.40701,1.3742,1.33769,1.29817,1.25708,1.2248,1.18304,1.15008,1.11158,1.07426,1.03753,0.997161,0.958816,0.923635,0.886092,0.852162,0.813159,0.769944,0.72287,0.676593,0.627189,0.581731,0.533936,0.489328,0.438398,0.392206,0.343689,0.296305,0.242628,0.192876,0.156455,0.142236,0.148509,0.155006,0.158995,0.15381,0.140401,0.134466,0.132471,0.132298,0.124677,0.121448,0.121592,0.118067,0.11308,0.109977,0.104932,0.102657,0.100618,0.100875,0.0979058,0.0968535,0.0953157,0.0890982,0.0890573,0.0849767,0.0787444,0.0679528,0.0497615,0.038379,0.034675,0.0261699,0.0180691,0.0115159,0.00871674,0.00716753,0.0126994,0.0168776,0.019933,0.0246788,0.0316508,0.0372472,0.0414272,0.0482064,0.0523333,0.058808,0.0560556,0.0613263,0.0561066,0.058646,0.0612396,0.0623924,0.0637437,0.0564578,0.0601216,0.0627669,0.0640195,0.0658975,0.0674822,0.0711697,0.0653758,0.0703004,0.0712372,0.064207,0.0649742,0.0586651,0.0536096,0.0577966,0.0553257,0.0495035,0.0427535,0.0484178,0.0474388,0.042379,0.0413671,0.0444794,0.0440922,0.0453345,0.0479522,0.0563326,0.064734,0.0677858,0.0762659,0.0795816,0.0881107,0.0916928,0.100034,0.0949493,0.0982382,0.0882764,0.0915095,0.0863033,0.0892875,0.0922511,0.0956055,0.0991797,0.11088,0.122713,0.117264,0.115097,0.104298,0.101996];
time = 31.6s
thresh = 0.4
set_speed = 0.3
