xte_pos = [2.9252,2.43309,1.99055,1.59727,1.25873,0.957874,0.697564,0.494734,0.355463,0.266948,0.216607,0.186634,0.171688,0.168618,0.168494,0.173103,0.189025,0.211739,0.234294,0.253869,0.2714,0.283089,0.277367,0.266279,0.256076,0.242411,0.235705,0.22827,0.215982,0.213406,0.207076,0.198376,0.194635,0.192588,0.186571,0.184678,0.177084,0.171981,0.17229,0.169571,0.167142,0.157859,0.158481,0.155188,0.154704,0.14789,0.146086,0.144499,0.149932,0.143644,0.148352,0.157167,0.157653,0.157552,0.153991,0.157128,0.155444,0.152201,0.153347,0.158126,0.155399,0.154436,0.156854,0.163028,0.158151,0.161049,0.168919,0.172818,0.170863,0.178115,0.183649,0.190769,0.189804,0.183793,0.1829,0.175223,0.175939,0.179987,0.17878,0.174605,0.168903];
time = 18.6s
thresh = 0.5
