xte_vel = [2.15946,2.08965,2.02681,1.97107,1.91037,1.84263,1.77993,1.71737,1.65419,1.59462,1.53373,1.47048,1.41321,1.34699,1.27049,1.20325,1.14636,1.0845,1.01714,0.957341,0.901586,0.835869,0.773185,0.711501,0.652908,0.589499,0.523253,0.464919,0.407686,0.347771,0.290354,0.243118,0.185639,0.13354,0.0834512,0.0599532,0.0537649,0.0474026,0.0473285,0.038897,0.0220776,0.0131651,0.0141702,0.0272846,0.0425842,0.0714527,0.0846627,0.105279,0.118293,0.138329,0.149311,0.164038,0.18279,0.1893,0.193223,0.187647,0.17424,0.106524,0.0388944,0.0342169,0.112913,0.158663,0.136989,0.115311,0.084705,0.0540883,0.0340773,0.0425225,0.0660657,0.084547,0.0936554,0.102432,0.102533,0.100775,0.0952615,0.0895005,0.0821142,0.0753797,0.0641107,0.041797,0.0283039,0.0181039,0.00945058,0.0278056,0.035066,0.0350659,0.0371993,0.0347246,0.0324439,0.0205186,0.0221394,0.0180126,0.0230176,0.0276732,0.0297642,0.0261115,0.0233017,0.0212377,0.0244889,0.0313949,0.0394123,0.0432535,0.0547326,0.0559097,0.0475963,0.0512711,0.0437347,0.0470187,0.0472241,0.044762,0.0397918,0.036071,0.0360927,0.0366612,0.037663,0.0365467,0.0365093,0.0350009,0.0401093,0.0459311,0.0522212,0.0561192,0.0661451,0.06696,0.0687941,0.0705964,0.0711768,0.0656855,0.0642588,0.0622426,0.0668158,0.0729111];
time = 29s
thresh = 0.4
set_speed = 0.3
