xte_carrot = [6.27755,6.27692,6.26422,6.22154,6.18215,6.12763,6.07585,6.03141,5.95713,5.8801,5.77867,5.68529,5.58763,5.48534,5.3809,5.27929,5.17741,5.086,4.98543,4.88642,4.78597,4.68192,4.57306,4.47178,4.38347,4.286,4.17355,4.09294,3.98009,3.88473,3.77701,3.67935,3.58905,3.47666,3.3823,3.28395,3.17341,3.08718,2.99248,2.87746,2.78709,2.67174,2.57395,2.47333,2.36582,2.2682,2.16874,2.06132,1.96085,1.86094,1.76942,1.66163,1.56587,1.48428,1.3976,1.30464,1.20887,1.12861,1.06243,0.977311,0.911419,0.851662,0.806057,0.145837,0.179339,0.209157,0.231949,0.233089,0.232869,0.222496,0.191996,0.17014,0.146384,0.127513,0.109867,0.0942555,0.0893991,0.088384,0.0780855,0.0686996,0.0559844,0.0368675,0.0233119,0.0169353,0.0459327,0.0866507,0.126936,0.158485,0.179555,0.194611,0.196521,0.182035,0.167263,0.146959,0.113792,0.0843149,0.0570706,0.0356466,0.0171122,0.0179541,0.0177813,0.0479901,0.0720878,0.0929117,0.104204,0.108577,0.107156,0.0871226,0.0739688,0.047374,0.0305231,0.0170499,0.00783756,0.0126137,0.0128045,0.00855536,0.0241367,0.0445475,0.0558197,0.0654972,0.0596821,0.0464197,0.0173487,0.0240853,0.0735364,0.110911,0.153948,0.171193,0.171292,0.164651,0.150203,0.124906,0.110394,0.103792,0.101641,0.113036];
time = 29s
set_speed = 0.5
