xte_pos = [0.107135,0.124988,0.138698,0.154024,0.162102,0.16077,0.158128,0.149805,0.131557,0.117459,0.0938418,0.0774145,0.0647757,0.0592064,0.059383,0.0617824,0.0806652,0.0907775,0.108159,0.115722,0.130128,0.126018,0.132364,0.142945,0.139066,0.14226,0.126447,0.127288,0.111998,0.104754,0.0995536,0.0955314,0.0817319,0.076492,0.0639909,0.0626776,0.058932,0.0600111,0.0631394,0.0563137,0.0495062,0.040728,0.0455136,0.0378527,0.0358021,0.0319984,0.0218382,0.0169693,0.00874542,0.013627,0.0145276,0.0154045,0.0175445,0.0143316,0.0096702,0.0178138,0.0197745,0.0223756,0.0252563,0.0277293,0.0361615,0.0338866,0.0318332,0.0338753,0.0425711,0.0454234,0.0500316,0.0582351,0.0503426,0.0525187,0.0571992,0.0552485,0.0586331,0.0509284,0.0506137,0.0524755,0.0532179,0.0411064];
time = 17.4s
thresh = 0.5
