dist_err_pos = {[6.55764,6.55764,6.5356,6.3698,5.99765,5.51115,4.96861,4.41666,3.88333,3.39829,2.92534,2.49834,2.14135,1.85037,1.61242,1.40958,1.2247,1.04959,0.885189,0.751646,0.634357,0.533411,0.452473],[0.309314],[0.256943],[0.312544],[0.405773],[0.508207,0.469499],[0.531495,0.464561],[0.503472,0.426712],[0.454871],[0.497411],[0.543086,0.466717],[0.501598,0.422755],[0.470615],[0.518514,0.445575],[0.494969],[0.539608,0.46913],[0.514933,0.436193],[0.486698],[0.535274,0.46032],[0.507861,0.432734],[0.481752],[0.531683,0.457444],[0.506585,0.43411],[0.490346],[0.551399,0.488265],[0.544781,0.476694],[0.527105,0.452145],[0.505754,0.432114],[0.496062],[0.54765,0.487234],[0.538885,0.456355],[0.516973,0.433663],[0.49243],[0.54736,0.484131],[0.530815,0.45805],[0.507323,0.435296],[0.484637],[0.543314,0.471926],[0.52963,0.462453],[0.516793,0.436955],[0.49081],[0.545526,0.475779],[0.51798,0.441481],[0.492137],[0.544619,0.472114],[0.513886,0.445571],[0.492087],[0.543032,0.47023],[0.517352,0.440281],[0.491981]};
time = 20.4s
size =  50
thresh = 0.5
