dist_err_carrot = {[3.03942,3.03942,3.01449,2.92244,2.81952,2.7138,2.60484,2.49705,2.39009,2.28259,2.17467,2.06875,1.96385,1.86123,1.75706,1.6482,1.5368,1.4287,1.32291,1.22219,1.12057,1.01356,0.907646,0.798424,0.695386,0.594654,0.495761,0.396996,0.298192,0.195894,0.103242,0.0574862,0.10399,0.12556,0.119995,0.0487284,0.0809387,0.0779934,0.134827,0.1106,0.135435,0.138953,0.1834,0.213168,0.173611,0.170699,0.109969,0.122318,0.0745765,0.0402947,0.0978505,0.0952854,0.109751,0.109915,0.0896327,0.134047,0.120779,0.102826,0.0984871,0.0849318,0.065883,0.0535225,0.13436,0.120873,0.122849,0.176062,0.190216,0.2174,0.245305,0.21143,0.202577,0.204656,0.139845,0.131582,0.0676705,0.0889521,0.035908,0.0922205,0.0666737,0.131598,0.119011,0.17663,0.161544,0.196805,0.163475,0.180799,0.136937,0.106645,0.122279,0.0935542,0.0634843,0.0638919,0.0581869,0.0760862,0.0869074,0.0895033,0.0931287,0.0900704,0.0922773,0.0890713,0.167385,0.154705,0.139645,0.125972,0.160675,0.128693,0.159443,0.124949,0.148513,0.105927]};
time = 21.8s
size =  50
set_speed = 0.5
