xte_vel = [0.0820837,0.0863859,0.0991937,0.116943,0.125647,0.145902,0.150891,0.160959,0.16526,0.162401,0.160214,0.152271,0.148348,0.154244,0.150622,0.144793,0.137346,0.129615,0.117024,0.116489,0.108034,0.100073,0.0871605,0.080654,0.0765156,0.068063,0.0504555,0.0491412,0.0305406,0.0189429,0.0160482,0.0231979,0.0197545,0.0134238,0.0137333,0.0172744,0.0256975,0.0270133,0.0300302,0.0369225,0.0450108,0.0513055,0.0544365,0.0601291,0.0663423,0.0688934,0.0814358,0.0897562,0.104531,0.111108,0.114922,0.116852,0.119447,0.119354,0.122574,0.122519,0.120201,0.117926,0.116588,0.112026,0.112602,0.102721,0.107302,0.096733,0.0934804,0.096329,0.096881,0.0948051,0.0915154,0.0950627,0.10343,0.111667,0.112131,0.122903,0.134894,0.140171,0.145378,0.151043,0.155172,0.158461,0.163516,0.172068,0.180205,0.183308,0.187362];
time = 28.6s
thresh = 0.4
set_speed = 0.3
