dist_err_pos = {[,,,,,,,,,,,,,,,],[0.347251],[0.353625],[0.407297],[0.483893],[0.556268,0.502631,0.442074],[0.497039],[0.55924,0.498393],[0.555917,0.501637,0.434092],[0.495343],[0.555534,0.498011],[0.552841,0.473637],[0.519052,0.44502],[0.489473],[0.528632,0.444195],[0.487157],[0.523535,0.444386],[0.493853],[0.527401,0.444211],[0.489578],[0.521118,0.444894],[0.481101],[0.521556,0.431534],[0.471837],[0.519023,0.433624],[0.479168],[0.527064,0.438108],[0.478333],[0.516811,0.433489],[0.471671],[0.517666,0.435548],[0.471394],[0.510745,0.421905],[0.461515],[0.494804],[0.538237,0.444415],[0.483237],[0.512486,0.428012],[0.468977],[0.502852,0.423697],[0.458463],[0.499108],[0.531981,0.444466],[0.470439],[0.494785],[0.525492,0.445327],[0.487645],[0.525384,0.435805],[0.47385],[0.506867],[0.44762],[0.479132],[0.513499,0.424248],[0.456269],[0.490482],[0.526602,0.443823],[0.46827],[0.509081,0.43521],[0.47016],[0.507031,0.436122],[0.47166],[0.504664,0.421667],[0.44414],[0.474624],[0.511833,0.420562],[0.456265],[0.488962],[0.52824,0.43684],[0.469416],[0.505306,0.424329],[0.451648],[0.486285],[0.528322,0.442689],[0.474154],[0.510513,0.429258],[0.462572],[0.496101],[0.528851,0.440023],[0.474313],[0.510554,0.426352],[0.463789],[0.50076,0.422282],[0.452366],[0.483433],[0.522177,0.437265],[0.465799],[0.495251],[0.537163,0.454561],[0.484583],[0.51418,0.436186],[0.461884],[0.495811],[0.53437,0.457513],[0.48951],[0.527264,0.443174],[0.484091],[0.524421,0.439055],[0.466681],[0.498127],[0.456155],[0.488593],[0.524201,0.440999],[0.481738],[0.517422,0.444768],[0.472161],[0.505251,0.425666],[0.463886],[0.503511,0.428523],[0.457922],[0.49284],[0.527018,0.445586],[0.476284],[0.502838,0.427502],[0.459906],[0.498635],[0.54183,0.462836],[0.497328],[0.529484,0.440813],[0.478771],[0.510504,0.421014],[0.457356],[0.488801],[0.51505,0.421413],[0.454348],[0.490019],[0.520406,0.435971],[0.467215],[0.50003,0.418478],[0.452048],[0.475056],[0.509404,0.417198],[0.440127],[0.465482],[0.498009],[0.529028,0.43099],[0.463393],[0.484428],[0.504163,0.402587],[0.4352],[0.469263],[0.508866,0.422048],[0.444793],[0.489196],[0.52519,0.434343],[0.476721],[0.506429,0.424191],[0.458704],[0.497903]};
time = 45s
size =  50
thresh = 0.5
],[,,,,,,,,,,,,,,,,,,,,,,,,,,,,