xte_carrot = [0.19978,0.270256,0.22601,0.154216,0.112785,0.1691,0.244699,0.256464,0.190885,0.0968146,0.119465,0.202676,0.226594,0.184288,0.106279,0.00414507,0.12191,0.226658,0.289267,0.275533,0.221292,0.186296,0.163736,0.143098,0.131347,0.171246,0.249028,0.313279,0.330192,0.281684,0.194375,0.0851995,0.0527523,0.165793,0.271083,0.349755,0.372487,0.341741,0.267372,0.167013,0.0571126,0.0748695,0.196203,0.300805,0.367071,0.36351,0.322565,0.239703,0.139121,0.0490662,0.143541,0.277175,0.394614,0.439876,0.415295,0.353397,0.266293,0.176778,0.10385,0.134038,0.23054,0.330629,0.412041,0.42598,0.385395,0.307098,0.206294];
time = 23s
set_speed = 0.9
