dist_err_vel = {[3.04614,3.04614,3.03104,2.99004,2.93504,2.88202,2.827,2.77902,2.729,2.68805,2.64305,2.60312,2.54917,2.50547,2.4577,2.404,2.35044,2.30587,2.25648,2.21706,2.17784,2.13159,2.08769,2.03681,1.9907,1.93985,1.89904,1.85617,1.80341,1.76161,1.71087,1.66427,1.61583,1.57214,1.52197,1.47628,1.42938,1.39245,1.3453,1.3004,1.24741,1.19945,1.14779,1.10977,1.05588,1.01296,0.967106,0.915381,0.862654,0.816107,0.765952,0.710828,0.663607,0.600567,0.544155,0.48825,0.440204,0.385793,0.338155,0.291735],[0.304007,0.27301],[0.346682,0.324474,0.308261,0.284535],[0.37386,0.340785,0.30796,0.275314],[0.333505,0.293395],[0.353231,0.321762,0.282633],[0.346217,0.307341,0.270204],[0.334137,0.297842],[0.360192,0.313953,0.272223],[0.327482,0.282334],[0.330579,0.287036],[0.322449,0.27961],[0.320047,0.264625],[0.297205],[0.331667,0.273212],[0.307426,0.244672],[0.276147],[0.317503,0.256311],[0.303547,0.25659],[0.298163],[0.35619,0.301277,0.250141],[0.312606,0.273966],[0.348523,0.317308,0.272768],[0.363552,0.323754,0.287343],[0.371628,0.327338,0.300277,0.26682],[0.350903,0.312914,0.278865],[0.367024,0.342927,0.306212,0.277834],[0.356648,0.319794,0.278586],[0.356063,0.3272,0.286114],[0.355032,0.309369,0.268547],[0.322111,0.286516],[0.33376,0.292629],[0.354336,0.312332,0.270491],[0.314731,0.270957],[0.324492,0.269427],[0.310637,0.268204],[0.301554,0.252206],[0.29183],[0.318176,0.274756],[0.307402,0.26565],[0.300651,0.253718],[0.288314],[0.336014,0.278758],[0.331617,0.279767],[0.332628,0.295427],[0.353619,0.313756,0.263275],[0.340966,0.289144],[0.364592,0.318202,0.29337],[0.377641,0.339937,0.312013,0.270527],[0.358813]};
time = 34.8s
size =  50
thresh = 0.3
set_speed = 0.3
