xte_vel = [0.0681885,0.0874055,0.105023,0.120825,0.131506,0.136854,0.139546,0.133005,0.136963,0.134653,0.137764,0.13771,0.142985,0.15139,0.157072,0.160554,0.161928,0.159149,0.157369,0.150989,0.149209,0.146114,0.15104,0.151005,0.155004,0.155037,0.158007,0.157376,0.16211,0.163306,0.171375,0.17471,0.179877,0.179966,0.185809,0.185172,0.191811,0.192344,0.194842,0.195587,0.19748,0.196005,0.197966,0.193676,0.192291,0.189426,0.188404,0.182054,0.177538,0.175931,0.167325,0.15542,0.150789,0.144785,0.140995,0.132081,0.128887,0.124307,0.123316,0.121089,0.11071,0.10416,0.103347,0.100247,0.0974527,0.095727,0.0908824,0.0941917,0.0954347,0.0989261,0.0962762,0.0907181,0.0743905,0.056184,0.0415033,0.0261054,0.0269088,0.0559127,0.0738168,0.10033,0.126925,0.125247,0.123283,0.118455,0.126173,0.12344,0.125059,0.122027,0.121221,0.118188,0.115102,0.116968,0.116013,0.117861,0.120396,0.122345,0.127342,0.122017,0.119599,0.110299,0.107596,0.10432,0.104668,0.102802,0.0972244,0.095757,0.0992746,0.103889,0.103257,0.105134,0.102081,0.101069,0.099505,0.10024,0.099878,0.101881,0.100488,0.10276,0.103105,0.105486,0.105363,0.106797,0.108025,0.111248,0.11289,0.115308,0.116103,0.116286,0.11239,0.114638,0.11355,0.111797,0.109705,0.107111,0.104114,0.106002,0.105384,0.112057,0.112301,0.115213,0.113897,0.112498,0.112093,0.11705,0.115443,0.119865,0.116361,0.108211,0.105699,0.0988611,0.0975214,0.0968829,0.0924125,0.0892504,0.0858726,0.0793713,0.0770092,0.0771738,0.0745635,0.0711728,0.0654367,0.0627696,0.0602666,0.0586775,0.0490858,0.0477973,0.0497598,0.0435286,0.0375844,0.0317127,0.0315957,0.0199149,0.019026,0.0112675,0.00424126,0.0100942,0.00476614,0.000769205,0.00571211,0.00324738,0.00525456,0.0144221,0.00753195,0.0210961,0.0216391,0.0296609,0.0216527,0.0297578,0.0277294,0.0361649,0.0421349,0.0493242,0.0523908,0.0664197,0.0762196,0.0918705,0.0948038,0.11359,0.117183,0.138782,0.143667,0.16361,0.166898,0.171987,0.173355,0.185482,0.179453,0.193215,0.191276,0.208705,0.20672,0.216069,0.212957,0.217718,0.212085,0.209986,0.206809,0.20428,0.201243,0.199433,0.188622,0.19071,0.189436,0.194631,0.196866,0.202219,0.211115,0.215776,0.222067,0.2185,0.219962,0.218619,0.214511,0.216619,0.210713,0.211454,0.20887,0.204607,0.197823,0.193986,0.190244,0.196602,0.196054,0.19906,0.194074];
time = 70s
thresh = 0.3
set_speed = 0.1
