xte_vel = [0.0918472,0.11172,0.119112,0.117525,0.109083,0.0841731,0.0635147,0.0319627,0.0275524,0.0398488,0.0620634,0.07825,0.0861444,0.0991879,0.0987769,0.107306,0.101161,0.0999184,0.0967361,0.0841147,0.0812051,0.0688077,0.0638282,0.0632774,0.0541307,0.037787,0.0276767,0.0225703,0.0204981,0.0186927,0.0184559,0.0167722,0.0129393,0.00958217,0.0108779,0.0342661,0.0155571,0.0239248,0.0232926,0.0294706,0.0302526,0.037329,0.037553,0.0462992,0.0529349,0.0547383,0.0560799,0.0644884,0.0642898,0.0729498,0.0723839,0.0958146,0.100744,0.127186,0.141059,0.160076,0.187112,0.198079,0.213467,0.234501,0.249579,0.244116,0.263974,0.28733,0.295124,0.299311,0.307442,0.306373,0.2994,0.277143,0.259453,0.231771,0.217154,0.195331,0.171349,0.151353,0.126989,0.119492,0.121141,0.133257,0.147828,0.173989,0.199261,0.234408,0.270643,0.30603,0.321537,0.300788,0.261991,0.228413,0.193372,0.168339,0.153851,0.146449,0.149697,0.152315,0.170615,0.194548,0.216942,0.240295,0.247518,0.26454,0.270004,0.281462,0.286441,0.29201,0.291197,0.294009,0.282377,0.272508,0.267713,0.253465,0.237361,0.216345,0.195143,0.175421,0.163185,0.138044,0.119074,0.102809,0.0904765,0.0844705,0.0904381,0.109508,0.132619,0.16434,0.192411,0.222555,0.258316,0.295839,0.326774,0.33078,0.30233,0.271031,0.248449,0.205518,0.181546,0.152317,0.122384,0.104991,0.087594,0.0800534,0.0816582,0.0909863,0.109333,0.12403,0.145834,0.160047,0.180507,0.191595,0.203747,0.211918,0.209734,0.21649,0.223259,0.223382,0.215894,0.201035,0.18126,0.169543,0.145667,0.119242,0.0954878,0.0647988,0.0267081,0.011719,0.04736,0.0826757,0.114432,0.149416,0.171664,0.20118,0.216277,0.215027,0.194683,0.165025,0.131977,0.0997457,0.0699542,0.0369173,0.0213186,0.0502453,0.0708234,0.105011,0.12679,0.147109,0.158606,0.179785,0.192463,0.205463,0.218696,0.213733,0.209734,0.203267,0.194078,0.178857,0.155858,0.126183,0.0968331,0.070854,0.0578283,0.0527846,0.046948,0.0527609,0.0520856,0.0559872,0.0716456,0.071987,0.0871131,0.0986662,0.110136,0.119601,0.12488,0.139322,0.145621,0.147794,0.163928,0.164767,0.166908,0.163413,0.168138,0.168855,0.159224,0.149987,0.133852,0.116477,0.0937769,0.0717361,0.052581,0.0469596,0.066175,0.0923215,0.113538,0.130421,0.149556,0.159413,0.175859,0.1792,0.177247,0.187903,0.175597,0.172912,0.159859,0.148952,0.135357,0.115008,0.0918771,0.0722462,0.0608674,0.0427149,0.0316947,0.0250008,0.0323634,0.0443845,0.0578641,0.0704454,0.0851293,0.0843977,0.0926406,0.0903202,0.0915733,0.0789269,0.0732896,0.0589925,0.0493132];
time = 66.4s
thresh = 0.2
set_speed = 0.2
