xte_carrot = [,0.0970647,0.168924,0.203545,0.218242,0.229794,0.232056,0.232149,0.211875,0.186513,0.143274,0.121821,0.0859483,0.066562,0.0351142,0.0125083,0.0067856,0.0100165,0.0186309,0.0509974,0.0911587,0.127697,0.160701,0.173885,0.173178,0.17133,0.141352,0.117626,0.0761192,0.040124,0.0306198,0.0547356,0.0783852,0.0845672,0.0653696,0.0374083,0.0152089,0.0526842,0.0992407,0.142383,0.167609,0.176905,0.161208,0.144269,0.106627,0.0672957,0.0182134,0.0263005,0.0737852,0.105129,0.117836,0.0996384,0.0606016,0.0168969,0.0442113,0.104158,0.139772,0.172297,0.174156,0.167881,0.138069,0.102513,0.0563977,0.0173926,0.0530979,0.0899451,0.108288,0.0958459,0.0638541,0.0233739,0.0272732,0.0990886,0.138503,0.179524,0.19333,0.191925,0.166082,0.13215,0.0880941,0.0451577,0.0148741,0.0442058,0.0733691,0.084147,0.0717252,,0.163667,0.22178,0.24674,0.24982,0.225331,0.201497,0.159903,0.11566,0.0690199,0.0400134,0.0229233,0.0465665,0.0607341,0.0509192,0.0335446,0.0309925,0.0796585,0.148658,0.197975,0.218784,0.218717,0.205784,0.172399,0.137174,0.0886445,0.0384649,0.0139878,0.0528238,0.0791704,0.0751984,0.0580744,0.0190154,0.0361241,0.0913677,0.148739,0.183778,0.201278,0.196182,0.176521,0.145825,0.106197,0.0636937,0.0215063,0.0483551,0.0790685,0.0918574,0.0871205,0.0629949,0.0157716,0.0531936,0.117198,0.165208,0.199744,0.222615,0.218752,0.192186,0.161571,0.112716,0.0706783,0.0362876,0.046536,0.0682241,0.0737201,0.0866745,0.0614516,0.0216154,0.0350738,0.0824087,0.12469,0.1602,0.168641,0.155909,0.130235,0.0946534,0.0631091,0.0168008,0.0239891,0.0543034,0.0711833,0.0490996,,0.18598,0.232936,0.250467,0.250804,0.225729,0.192349,0.147566,0.102519,0.0463231,0.00980769,0.054424,0.081638,0.0925447,0.0729156,0.0367981,0.0266147,0.0826886,0.133231,0.178677,0.215986,0.213666,0.216151,0.187679,0.153514,0.107258,0.0601239,0.0094203,0.0378102,0.0611023,0.0672171,0.0637686,0.0405789,0.0256876,0.0583006,0.11141,0.158263,0.18366,0.181993,0.152255,0.11756,0.0868803,0.0525864,0.0458808,0.0633631,0.0933018,0.106759,0.0885242,0.050061,0.0137491,0.0805523,0.139054,0.190431,0.217609,0.228775,0.226857,0.199015,0.170921,0.124319,0.0782257,0.0440265,0.0395458,0.0630452,0.0719625,0.0655071,0.0420569,0.0150353,0.0606645,0.11913,0.172075,0.213581,0.225671,0.227584,0.212352,0.181689,0.145722,0.0997669,0.0546384,0.0143551,0.0325448,0.0567473,];
time = 65s
set_speed = 0.5
