xte_vel = [,,,,,,,,,,,,,,,,,,,,,,,,,,,,,,,,,,,,,,,,,,,,,,,,0.494083,0.454696,0.402619,0.342499,0.262568,0.183176,0.0918513,0.0399775,0.116252,0.204172,0.265073,0.310789,0.318878,0.317945,0.302657,0.268095,0.23014,0.187979,0.143541,0.105238,0.0747556,0.0641085,0.0696164,0.100424,0.115305,0.143192,0.140086,0.153104,0.137879,0.126379,0.105393,0.0832831,0.058267,0.0339778,0.0333559,0.0477797,0.0668697,0.0781269,0.0900806,0.088699,0.08843,0.0782153,0.0553503,0.0429697,0.0242498,0.0201012,0.0288832,0.0456643,0.0583103,0.05877,0.0702302,0.066737,0.0742725,0.0750667,0.0688172,0.0621281,0.0481392,0.0293068,0.0180752,0.0141972,0.0318942,0.0546096,0.0672266,0.0804982,0.0932703,0.0953265,0.0946981,0.0950815,0.0999864,0.0949968,0.0947722,0.0868507,0.0779778,0.0676615,0.0621535,0.0543068,0.0525331,0.048876,0.0401077,0.0329497,0.0275883,0.0228356,0.0254206,0.0242584,0.0250132,0.02309740.0568147,0.0579622,0.0644463,0.0548234,0.0620006,0.0558753,0.0619502,0.0639761,0.072918,0.0714389,0.0741712,0.0658089,0.0601842,0.0596537,0.0491514,0.053203,0.0609541,0.0606145,0.0554981,0.0481938,0.0498725,0.0441989,0.0521792,0.05412,0.0596776,0.062074,0.0633883,0.0603831,0.0698871,0.0733478,0.0742398,0.0733413,0.0778894,0.0825394,0.0905518,0.0984975,0.109038,0.120486,0.127448,0.128396,0.130655,0.124814,0.11777,0.0993115,0.0891101,0.0664645,0.0460571,0.0235777,0.0212272,0.0322595,0.0384701,0.0458055,0.0531937,0.0526758,0.0491343,0.0511892,0.0420282,0.0408199,0.0390008,0.0421273,0.0431643,0.0487301,0.0475289,0.0530636,0.0557232,0.0460831,0.0421477,0.0421552,0.0393261,0.031859,0.0318654,0.0251884,0.0250416,0.0265048,0.0291273,0.0302245,0.0288982,0.0285933,0.0160367,0.0110773,0.01221630.0890701,0.0789685,0.0789429,0.0688864,0.0676402,0.0538533,0.0492759,0.0310247,0.0259176,0.0125416,0.00563656,0.00376287,0.0102615,0.0141474,0.0125862,0.0236492,0.0208458,0.0239055,0.0203775,0.0155053,0.0207898,0.0220113,0.0224738,0.0264308,0.0272717,0.0341978,0.0387307,0.0433706,0.0470023,0.0540279,0.0547987,0.0623332,0.0585193,0.0571336,0.0606499,0.0554618,0.0526546,0.0544004,0.0484522,0.0463813,0.0375206,0.0424892,0.0368575,0.040429,0.0389325,0.0432984,0.0420672,0.0472721,0.0464519,0.049421,0.0466265,0.0379766,0.0300218,0.0290884,0.028401,0.0318797,0.0326733,0.0352531,0.0360943,0.0351363,0.0289003,0.0327731,0.0302887,0.0301795,0.0253347,0.0246659,0.0183358,0.0113575,0.0124381,0.00813788,0.0088196,0.015662,0.0224232,0.0324605,0.0307896,0.0355067,0.032092,0.0307747,0.0239658,0.0256766];
time = 79s
thresh = 0.5
set_speed = 0.5
,,,,,,,,