dist_err_carrot = {[3.09452,3.09452,3.08156,3.02757,2.96681,2.90388,2.84812,2.79148,2.73151,2.67554,2.61694,2.56448,2.50554,2.45419,2.40385,2.34704,2.29381,2.23568,2.17865,2.11884,2.06894,2.01318,1.95931,1.90273,1.84718,1.78955,1.73392,1.67832,1.6301,1.57559,1.52666,1.47247,1.4253,1.37202,1.322,1.26697,1.21633,1.16248,1.11168,1.05806,1.00945,0.954465,0.907971,0.85779,0.815175,0.764257,0.730351,0.69527,0.646605,0.604635,0.565883,0.516903,0.47179,0.418838,0.375346,0.322684,0.277482,0.229999,0.183985,0.136442,0.0983787,0.0652248,0.0622035,0.0766596,0.0963085,0.043663,0.0578769,0.0963757,0.0660168,0.0854226,0.11016,0.148537,0.106432,0.112814,0.132951,0.076189,0.0870978,0.0483114,0.0543077,0.101659,0.056789,0.0976576,0.0499246,0.0988199,0.0665942,0.109488,0.067164,0.0360367,0.0651772,0.0323471,0.0734567,0.041508,0.0927248,0.0598551,0.0379026,0.0944008,0.0620289,0.11747,0.0871876,0.0661599,0.101525,0.0724572,0.112756,0.075234,0.117127,0.0765363,0.117529,0.0828146,0.112368,0.152517,0.107309,0.128845,0.104004,0.106827,0.118435,0.150017,0.0864788,0.101052,0.129728,0.0621791,0.0908575,0.126696,0.0628686,0.0859172,0.057751,0.0621089,0.10073,0.0665376,0.0763903,0.109212,0.0728725,0.0953499,0.06443,0.080429,0.11387,0.0735678,0.1054,0.064297,0.0934701,0.0505311,0.0905458,0.0508152,0.0144643,0.0511876,0.00609272,0.0632158,0.0319705,0.0872355,0.0616541,0.0354348,0.0702296,0.0357289,0.0703491,0.0349046,0.0731353,0.0315964,0.0737493,0.0309748,0.0669611,0.0302642,0.0606055,0.102327,0.0534738,0.0862622,0.0519616,0.0563615,0.0864296,0.0517508,0.051926,0.0752466,0.114987,0.0466429]};
time = 34.2s
size =  50
set_speed = 0.3
