rmse_vel = {[2.96128,2.96128,2.81139,2.70069,2.64907,2.60102,2.55004,2.49686,2.44252,2.38927,2.33505,2.27805,2.22241,2.16746,2.11493,2.06335,2.01192,1.96307,1.91205,1.86175,1.8108,1.76293,1.71538,1.67211,1.62592,1.57963,1.53007,1.48343,1.43192,1.38267,1.33807,1.3,1.25391,1.21092,1.16714,1.11866,1.06959,1.02288,0.973776,0.926837,0.878132,0.829358,0.778964,0.730061,0.675818,0.625179,0.574943,0.51925,0.469055],[0.392759],[0.372035],[0.409312],[0.484546],[0.577753,0.531059,0.475821],[0.551927,0.489098],[0.559474,0.496295],[0.569797,0.506931,0.437158],[0.513579,0.452871],[0.521401,0.460146],[0.535372,0.476828],[0.554056,0.489823],[0.565486,0.515828,0.455397],[0.535284,0.46336],[0.539033,0.474946],[0.5437,0.481833],[0.551778,0.488571],[0.556549,0.49728],[0.583694,0.519354,0.457393],[0.531201,0.461328],[0.539401,0.469832],[0.553887,0.498276],[0.579317,0.520783,0.467922],[0.544872,0.481067],[0.563807,0.500684,0.441899],[0.516964,0.459364],[0.532825,0.478967],[0.565948,0.507762,0.445141],[0.526273,0.469349],[0.553084,0.496765],[0.58386,0.529462,0.473164],[0.561166,0.502317,0.43872],[0.522885,0.461771],[0.536252,0.47772],[0.559596,0.497965],[0.575429,0.511631,0.449988],[0.529313,0.467701],[0.550477,0.488191],[0.567636,0.513133,0.450419],[0.526831,0.453631],[0.533072,0.474867],[0.552543,0.490535],[0.567159,0.508964,0.454945],[0.537353,0.481554],[0.56167,0.500753,0.445013],[0.52321,0.460753],[0.539578,0.468565],[0.544386,0.491397],[0.569214]};
time = 30.8s
size =  50
thresh = 0.5
set_speed = 0.3
