xte_vel = [0.134116,0.143178,0.152226,0.170211,0.183024,0.1958,0.197235,0.188201,0.181545,0.171189,0.15427,0.145214,0.13345,0.117077,0.108137,0.104769,0.101022,0.10026,0.0789147,0.0408402,0.0495304,0.0740224,0.0673163,0.0667645,0.0550655,0.0569722,0.0480926,0.0395065,0.0340641,0.0341188,0.0392952,0.0436123,0.0486044,0.0485099,0.0485984,0.0449736,0.0424653,0.04547,0.0457583,0.0608409,0.066062,0.0895785,0.0967314,0.115522,0.1233,0.139745,0.146325,0.157468,0.167924,0.18504,0.201529,0.210062,0.227245,0.2325,0.244897,0.256193,0.257736,0.269318,0.272444,0.268898,0.263194,0.253081,0.244836,0.226812,0.213941,0.194109,0.177465,0.160073,0.148131,0.12895,0.116457,0.103472,0.0872661,0.076804,0.0770004,0.0805973,0.0944225,0.107064,0.120095,0.123202,0.135599,0.137464,0.134061,0.126872,0.1197680.212259,0.216807,0.204675,0.203992,0.195935,0.177681,0.163745,0.155009,0.141907,0.145346,0.142924,0.150313,0.141195,0.140105,0.137691,0.131824,0.123314,0.116058,0.102583,0.106691,0.0743275,0.0592154,0.0807753,0.0756937,0.0701879,0.0724415,0.0712152,0.0709448,0.0673902,0.0621127,0.0561779,0.0562514,0.0595397,0.0606326,0.058465,0.0554171,0.0453418,0.0371589,0.026208,0.0200001,0.0174433,0.0206864,0.0391016,0.0483348,0.078178,0.0934605,0.113142,0.127408,0.141867,0.168435,0.184674,0.191613,0.21184,0.219844,0.216496,0.22294,0.22158,0.211176,0.20208,0.193068,0.180576,0.174252,0.162615,0.148337,0.14562,0.132081,0.128544,0.120313,0.109721,0.0946531,0.0872768,0.0743905,0.060077,0.0465567,0.0421936,0.0415694,0.0513824,0.0547765,0.0683354,0.085522,0.0886202,0.0956495,0.0960545,0.09947780.194355,0.207136,0.204798,0.183664,0.176402,0.170939,0.165021,0.154046,0.135915,0.123148,0.109123,0.099793,0.0924835,0.083056,0.0769799,0.0643651,0.0595401,0.0536454,0.0538455,0.0520862,0.0510287,0.0487417,0.0422957,0.0383005,0.0294396,0.0274646,0.0257894,0.0337231,0.0327896,0.0404035,0.0473005,0.0603098,0.0616922,0.0698483,0.0763029,0.0775402,0.0803524,0.0871258,0.0877035,0.0841706,0.0704577,0.0595796,0.0536963,0.0525493,0.053223,0.052997,0.0574647,0.0663199,0.0876508,0.106363,0.121729,0.139509,0.15287,0.160409,0.180617,0.178769,0.187128,0.189923,0.194555,0.197808,0.188967,0.204064,0.195555,0.198224,0.185796,0.182232,0.170127,0.166215,0.151247,0.134288,0.123888,0.110169,0.0960828,0.0808175,0.0678274,0.0594809,0.0619521,0.0690905,0.0748206,0.0879468,0.103926,0.107508,0.113947,0.124248,0.122145,0.125602,0.120283,0.119096];
time = 68.2s
thresh = 0.5
set_speed = 0.3
,,,,,,,,,,,,,