xte_carrot = [2.02118,2.02118,1.91336,1.83292,1.79522,1.76527,1.73063,1.68965,1.66037,1.61964,1.57986,1.53699,1.49836,1.45829,1.42614,1.3864,1.3485,1.3118,1.27762,1.23315,1.19527,1.15187,1.11972,1.0815,1.03714,1.0031,0.955958,0.917433,0.869645,0.829456,0.788464,0.742276,0.696089,0.647088,0.601699,0.55947,0.514091,0.46951,0.420672,0.374359,0.331515,0.28874,0.24059,0.197433,0.156486,0.0394361,0.0441294,0.0510419,0.0504588,0.0531408,0.0469506,0.043795,0.0402308,0.0248243,0.0222894,0.0217973,0.0168495,0.0138368,0.0119813,0.00720879,0.00766301,0.00438005,0.0124223,0.00214852,0.00716855,0.00620778,0.00853443,0.00869054,0.0100628,0.0255546,0.0278758,0.0353941,0.0375201,0.0353354,0.0342797,0.0236654,0.0160889,0.019285,0.0278846,0.032649,0.0400278,0.044512,0.0405713,0.0442738,0.0414932,0.021297,0.0130592,0.00447293,0.00957165,0.016361,0.0168453,0.0183001,0.0130347,0.0184501,0.018025,0.0227818,0.020426,0.0247164,0.0212655,0.0193562,0.0170066,0.0185632,0.0140326,0.0182672,0.00972278,0.0135687,0.014673,0.0154704,0.0163493,0.0169735,0.0135029,0.00876033,0.0041131,0.00481949,0.00185467,0.00239146,0.00700889,0.0187614,0.0204543,0.0300054,0.0336755,0.0307995,0.0354797,0.0332546,0.020979,0.0157812,0.0106448,0.00649204,0.0120932,0.0140809,0.0173685,0.0154936,0.0145547,0.0104874,0.0135446,0.0222221,0.0199128,0.0307032,0.0231654,0.0210903,0.0243294,0.0223893,0.0205828,0.0184079,0.0190854,0.0151467,0.00769529,0.00702525,0.00631002,0.0103895,0.0127686,0.0141323,0.0165015,0.019014,0.0220217,0.0343318,0.0337815,0.0339124,0.031249,0.0263989,0.0226425,0.0231157,0.0328813,0.0224869,0.0319348,0.0275248,0.0183051,0.00864092,0.00737533,0.00958216,0.00578261,0.00287614,0.00163011];
time = 35.4s
set_speed = 0.3
