dist_err_vel = {[,,,,,,,,,,,,,,,,,,,,,,,,,,,,,,,,,,],[0.394122],[0.347264],[0.362901],[0.411472],[0.472961],[0.537443,0.505379,0.462463],[0.496697],[0.515543,0.454451],[0.466926],[0.474984],[0.492865],[0.508922,0.433215],[0.452853],[0.477017],[0.490947],[0.523621,0.449786],[0.481332],[0.50114,0.431758],[0.462687],[0.503598,0.435344],[0.478826],[0.52805,0.47208],[0.523333,0.48229],[0.53094,0.477294],[0.538222,0.497499],[0.564176,0.528623,0.47846],[0.552596,0.523892,0.476519],[0.556399,0.516419,0.477619],[0.541032,0.503475,0.459009],[0.531336,0.494039],[0.548315,0.495406],[0.544117,0.484619],[0.532765,0.456862],[0.484687],[0.506072,0.435386],[0.456021],[0.471361],[0.47049],[0.476326],[0.461528],[0.462983],[0.43766],[0.436872],[0.430846],[0.440559],[0.466786],[0.511641,0.465269],[0.5378,0.515323,0.487256],[0.593794,,],[0.584889,0.538334,0.505182,0.449207],[0.509102,0.464685],[0.504287,0.448292],[0.469879],[0.475996],[0.473518],[0.483791],[0.496678],[0.52079,0.459393],[0.489501],[0.509595,0.457968],[0.473477],[0.498015],[0.519951,0.457885],[0.481436],[0.514002,0.450872],[0.492125],[0.524709,0.465841],[0.503254,0.446217],[0.483927],[0.542717,0.488948],[0.539942,0.485551],[0.531639,0.476788],[0.515681,0.457431],[0.501611,0.447375],[0.497746],[0.545853,0.514829,0.470002],[0.532144,0.494967],[0.558073,0.525366,0.489747],[0.55363,0.514214,0.476351],[0.533384,0.485592],[0.541513,0.491276],[0.529323,0.470458],[0.505504,0.426173],[0.460201],[0.464867],[0.48401],[0.487066],[0.496141],[0.488277],[0.485144],[0.470905],[0.469349],[0.460652],[0.465108],[0.475153],[0.50378,0.455536],[0.51325,0.483543],[0.561785,],[0.582735,0.54303,0.505995,0.45972],[0.521096,0.466267],[0.513472,0.449668],[0.483468],[0.500833,0.43958],[0.457869],[0.475935],[0.491653],[0.521769,0.463621],[0.4896],[0.520548,0.461622],[0.482265],[0.507649,0.452805],[0.474511],[0.504251,0.429068],[0.453911],[0.480863],[0.516714,0.455072],[0.488002],[0.520118,0.456145],[0.492738],[0.526118,0.46858],[0.517583,0.456465],[0.50137,0.444967],[0.496337],[0.527766,0.483818],[0.539414,0.499884],[0.567681,0.539668,0.507902,0.471632],[0.549568,0.530156,0.494868],[0.580736,0.547672,0.515397,0.481977],[0.541376,0.492175],[0.545587,0.497094],[0.536657,0.476575],[0.518297,0.453946],[0.488899],[0.508071,0.442364],[0.454716],[0.463999],[0.479395],[0.481681],[0.497487],[0.495775],[0.505418,0.418835],[0.437168],[0.457692],[0.497852],[0.544923,0.504843,0.462508],[0.531274,0.484891],[0.557199]};
time = 55.2s
size =  50
thresh = 0.5
set_speed = 0.4
,],[,,,,,,,,,,,,,,,,,,,,,,,,,,,,,,,,,,,,,,,,,,,,,,,,,,,,