dist_err_vel = {[3.05708,3.05708,3.05708,3.03608,3.01008,2.98713,2.95812,2.92819,2.89622,2.86532,2.83344,2.80359,2.77266,2.74183,2.70984,2.67716,2.64417,2.61319,2.58542,2.55544,2.52545,2.49547,2.46649,2.43651,2.40579,2.37281,2.34283,2.31386,2.28688,2.25821,2.23423,2.20895,2.18128,2.15066,2.12228,2.09173,2.05879,2.0263,1.99186,1.95595,1.91559,1.87272,1.83144,1.79258,1.75537,1.71853,1.68042,1.64062,1.59786,1.55568,1.51736,1.4796,1.44141,1.4009,1.36187,1.32121,1.27858,1.23585,1.19232,1.15089,1.10948,1.06604,1.02367,0.98265,0.939413,0.89682,0.852655,0.810491,0.765663,0.723294,0.680866,0.636737,0.593286,0.553664,0.516279,0.483837,0.450206,0.408665,0.36669,0.32793,0.286979,0.249656,0.210898,0.177507,0.14325,0.115224,0.0866997],[0.105497,0.1151,0.138635,0.153061,0.154339,0.135606,0.125126,0.105455,0.0828495],[0.18448,0.152972,0.12596,0.0992002],[0.195783,0.16948,0.132607,0.101532,0.0650832],[0.150123,0.118548,0.0885965],[0.164077,0.131045,0.100038,0.069553],[0.146373,0.112918,0.0852644],[0.15378,0.11581,0.0791191],[0.139349,0.0956603],[0.148019,0.110545,0.0730394],[0.122281,0.0849039],[0.138898,0.095182],[0.142037,0.0973619],[0.137186,0.0998761],[0.140813,0.0958968],[0.143645,0.0991441],[0.149665,0.106344,0.0625204],[0.117833,0.0746046],[0.132177,0.0895914],[0.153208,0.114275,0.068606],[0.140819,0.105553,0.0679738],[0.143119,0.100848,0.0760229],[0.154406,0.126813,0.0957614],[0.1837,0.154758,0.130413,0.111741,0.100113,0.0902299],[0.153227,0.134227,0.113761,0.0943692],[0.181604,0.160191,0.138995,0.105162,0.0888846],[0.184977,0.157275,0.135188,0.106032,0.0809327],[0.17578,0.150644,0.131986,0.101293,0.0715008],[0.165481,0.136022,0.11094,0.0791826],[0.157877,0.126271,0.0950621],[0.17444,0.137474,0.101487,0.0678227],[0.133419,0.0970046],[0.155013,0.11723,0.0765005],[0.126867,0.0802379],[0.126183,0.0870032],[0.136552,0.0950464],[0.138921,0.104194,0.0717245],[0.112468,0.0780924],[0.115823,0.0750671],[0.112772,0.075305],[0.115177,0.081306],[0.131196,0.0902428],[0.156244,0.122854,0.0858358],[0.14955,0.123449,0.104687,0.0915276],[0.135949,0.1097,0.0882631],[0.152143,0.120322,0.095088],[0.17774,0.146352,0.122462,0.100415,0.075416],[0.161823,0.138647,0.115813,0.0955999],[0.187395,0.167733,0.151951,0.125713,0.0923477],[0.192441]};
time = 48.2s
size =  50
thresh = 0.1
set_speed = 0.2
