xte_vel = [2.2485,2.21466,2.17781,2.13913,2.09756,2.05509,2.01656,1.98099,1.94664,1.909,1.86885,1.8265,1.78849,1.74961,1.70841,1.66726,1.62908,1.59191,1.5587,1.52649,1.49071,1.45246,1.41475,1.3817,1.34497,1.3063,1.26861,1.23314,1.1993,1.16563,1.13275,1.09929,1.06752,1.03401,0.999598,0.964935,0.929744,0.896611,0.866764,0.835744,0.797925,0.757253,0.714894,0.674945,0.636985,0.598137,0.562008,0.524335,0.488173,0.44997,0.41,0.368843,0.325633,0.28502,0.245364,0.208603,0.174723,0.146743,0.12906,0.119603,0.109307,0.104966,0.102375,0.104037,0.10477,0.104102,0.103615,0.103574,0.104423,0.102872,0.10144,0.0878236,0.0783761,0.0698356,0.0556681,0.0432796,0.0223769,0.0124562,0.0211336,0.0371688,0.0504379,0.075902,0.0856905,0.105579,0.12611,0.142309,0.15467,0.178895,0.202009,0.210895,0.218657,0.221922,0.235494,0.236962,0.23477,0.243865,0.239669,0.244979,0.249566,0.241737,0.241253,0.243247,0.241818,0.236387,0.234025,0.233473,0.227387,0.224184,0.218369,0.211812,0.193624,0.182295,0.161996,0.151314,0.144747,0.128124,0.111691,0.0971839,0.0870277,0.0801753,0.0803737,0.0759644,0.0687133,0.0603503,0.0571792,0.0486551,0.0497863,0.0500111,0.0509762,0.047785,0.0409912,0.0332055,0.0301678,0.0290672,0.0343463,0.0375088,0.0379766,0.0353422,0.0309698,0.0257312,0.0244508,0.0263784,0.0248177,0.0255586,0.022208,0.0262172,0.0288989,0.0327301,0.0405024,0.0411413,0.044618,0.0526947,0.0605464,0.0645525,0.0587656,0.0715271,0.0757013,0.0872467,0.0872765,0.0931723,0.0880502,0.0869485,0.0855855,0.0767137,0.0829694,0.0810688,0.0875162,0.0753063,0.0730788,0.0686757,0.0593336,0.0564396];
time = 39s
thresh = 0.4
set_speed = 0.2
