xte_carrot = [1.87808,1.87808,1.77244,1.68061,1.61266,1.54879,1.484,1.42554,1.36336,1.30992,1.25357,1.20136,1.15127,1.10544,1.05959,1.01788,0.975027,0.934222,0.890357,0.858109,0.829081,0.800646,0.768798,0.740885,0.717443,0.694638,0.686432,0.66358,0.639376,0.611112,0.572834,0.535621,0.486632,0.444005,0.394731,0.358837,0.311208,0.264633,0.211272,0.158256,0.105436,0.0832105,0.129892,0.164899,0.172038,0.160979,0.135986,0.098235,0.0520839,0.00426156,0.0502656,0.0913038,0.125925,0.142724,0.126719,0.0966667,0.0610978,0.0199348,0.0292705,0.0741215,0.114833,0.133391,0.136243,0.120751,0.105334,0.0795999,0.042296,0.023306,0.0488255,0.0806713,0.088409,0.0947291,0.0900474,0.0739589,0.0409493,0.0215266,0.0191452,0.0510545,0.0849703,0.100712,0.109657,0.0989754,0.0749827,0.0444897,0.00674646,0.0272277,0.0564528,0.0749782,0.08671,0.0855801,0.0719909,0.045995,0.014352,0.0249975,0.0685318,0.105953,0.122802,0.130836,0.118283,0.100447,0.0717371,0.042778,0.0023972,0.0438494,0.0862628,0.103772,0.113005,0.103052,0.0818236,0.0544945,0.021664,0.00897278,0.0385158,0.0662004,0.0854549,0.0865291,0.0822454,0.0655112,0.0343041,0.00743203,0.0296154,0.0660857,0.091564,0.102821,0.102685,0.10145,0.0794977,0.0528669,0.0145587,0.0327096,0.0641004,0.0973668,0.111717,0.112777,0.100095,0.0689539,0.0461358,0.027434,0.0552928,0.08651,0.115199];
time = 28.4s
set_speed = 0.4
