xte_vel = [0.0557454,0.0534795,0.0597356,0.0661259,0.0810438,0.0849611,0.0950009,0.10535,0.117816,0.127023,0.142504,0.143722,0.141542,0.137109,0.140853,0.136981,0.132802,0.122643,0.10532,0.0904851,0.0786956,0.074583,0.0714961,0.0635793,0.0685277,0.0600393,0.0569501,0.0596221,0.0573804,0.0558995,0.0437198,0.0322915,0.0277853,0.025841,0.010002,0.0158129,0.0341777,0.0485947,0.0605983,0.0703099,0.082425,0.0854763,0.0932513,0.101204,0.109293,0.124148,0.116757,0.122011,0.116474,0.110911,0.108389,0.107861,0.107282,0.0960209,0.0950412,0.0829237,0.070959,0.062385,0.0560306,0.0495251,0.0430441,0.0358447,0.0214219,0.0174961,0.0239241,0.0261012,0.0296863,0.0338805,0.0325402,0.0318462,0.0325713,0.0234122,0.0196548,0.0202857,0.0233599,0.0342148,0.0413053,0.0495977,0.0705245,0.0819895,0.080138,0.0813453,0.0876561,0.0968915,0.101395,0.111569,0.103589,0.100477,0.0932386,0.0897436,0.0935486,0.0877448,0.0790621,0.0687844,0.0587583,0.0491382,0.0434966,0.0407805,0.0393149,0.0398625,0.0393509,0.0455297,0.0495628,0.0566277,0.0579862,0.0601972,0.0600377,0.0689462,0.0688775,0.0688148,0.0702898,0.0719937,0.067878,0.0700194,0.0682916,0.068273,0.0650003,0.070103,0.0720687,0.0796029,0.086024,0.0929569,0.0957014,0.0931768,0.089705,0.0871111,0.0814912,0.0786142,0.0734091,0.0759745,0.0752546,0.0781757,0.0796895,0.0860952,0.0854053,0.0857185,0.0850599,0.0887996,0.0873075,0.090951,0.0878823,0.0905739,0.104271,0.117191,0.130912,0.15064,0.169234,0.192948,0.210109,0.218561,0.233012,0.245861,0.246417,0.249025,0.24202,0.24238,0.232044,0.223467,0.115204,0.112657,0.105218];
time = 49.2s
thresh = 0.2
set_speed = 0.2
