xte_carrot = [3.18809,3.18809,3.17404,3.12104,3.05904,2.99505,2.93505,2.87105,2.80705,2.74306,2.67706,2.62207,2.56107,2.50108,2.44009,2.38111,2.32311,2.27114,2.21316,2.15409,2.09509,2.04109,1.98604,1.93604,1.88204,1.82804,1.77004,1.71504,1.65604,1.59505,1.53505,1.47603,1.42203,1.368,1.311,1.25802,1.20109,1.14621,1.08722,1.03041,0.971439,0.912822,0.854365,0.79994,0.743681,0.690982,0.634063,0.577464,0.521054,0.469845,0.419678,0.366223,0.31558,0.262502,0.211524,0.0331937,0.0559297,0.0690501,0.0729126,0.0665578,0.0572762,0.0503645,0.0364908,0.0249952,0.0150594,0.0153693,0.0234732,0.0310186,0.0340632,0.0388142,0.0376017,0.0386582,0.0473073,0.0505226,0.0597944,0.0655022,0.0611161,0.0607612,0.0612002,0.0449377,0.0386557,0.0391954,0.0285692,0.0279878,0.0221135,0.0212886,0.0211482,0.0165966,0.0184553,0.0231493,0.0327359,0.0458917,0.0479873,0.0547152,0.0560102,0.0554129,0.0501469,0.0471802,0.0393609,0.0339906,0.0243136,0.023229,0.0189665,0.0220741,0.0229137,0.0300944,0.0354159,0.0435698,0.0491199,0.0543645,0.0592758,0.0572898,0.0548674,0.056629,0.0543248,0.0561444,0.0519159,0.0509776,0.0468376,0.0485855,0.0537251,0.0589213,0.0612135,0.0751483,0.0750618,0.0790903,0.0742517,0.0758428,0.0707007,0.069625,0.0708356,0.0708161,0.0700564,0.0786681,0.075329,0.0712932,0.0598312,0.0543766,0.0507593,0.0472992,0.0540422,0.0496684,0.0557011,0.0679722,0.0619282,0.0634287,0.06315,0.0634451,0.0560266,0.0508615,0.0421849,0.0442953,0.0493677,0.0545564,0.0548627,0.0450572,0.0392806,0.0322726,0.0287436,0.0269484,0.0302967,0.0349188,0.0455978,0.0505664,0.0489938,0.0483823,0.0499921,0.0486975,0.0508145,0.0499321,0.0502445,0.0531433,0.0531608,0.0531103];
time = 36.2s
set_speed = 0.3
