xte_carrot = [2.98512,2.98512,2.97914,2.97323,2.96884,2.96155,2.95257,2.9483,2.9447,2.94071,2.92973,2.8978,2.86259,2.82367,2.78675,2.74784,2.70826,2.66915,2.63024,2.59219,2.55389,2.51348,2.47158,2.4322,2.39371,2.35537,2.31547,2.27856,2.2422,2.20529,2.16041,2.12152,2.08372,2.04981,2.01744,1.9867,1.95336,1.91805,1.8834,1.84812,1.81086,1.76938,1.73219,1.69603,1.65789,1.61469,1.57662,1.54155,1.50246,1.46637,1.42927,1.39816,1.36195,1.32287,1.28574,1.24971,1.21873,1.18787,1.15503,1.12045,1.09275,1.0641,1.03329,1.00078,0.966361,0.926767,0.888898,0.855444,0.823589,0.79054,0.758701,0.721691,0.68964,0.659857,0.0676606,0.0619143,0.0570429,0.055569,0.0406692,0.0299211,0.0386216,0.0656323,0.100492,0.129989,0.166852,0.192716,0.208279,0.225495,0.237004,0.240356,0.245951,0.25429,0.257157,0.27179,0.275922,0.285463,0.302617,0.31044,0.31989,0.324717,0.0527435,0.0407401,0.0314742,0.0281775,0.0228616,0.0305207,0.0433847,0.0542128,0.0768238,0.0802819,0.0682875,0.0645704,0.0505808,0.0329887,0.0155505,0.00495414,0.303687,0.315922,0.326212,0.333788,0.336345,0.346074,0.343903,0.344693,0.34213,0.336562,0.333799,0.327312,0.333772,0.337596,0.339798,0.340163,0.344318,0.343734,0.355637,0.366215,0.373454,0.391807,0.405973,0.418487,0.434159,0.446711,0.455548,0.465317,0.468084,0.470489,0.473112,0.472554,0.471965,0.470785,0.469925,0.468774,0.470819,0.475942,0.485695,0.49368,0.500919,0.505409,0.510949,0.523284,0.532167,0.537116,0.316146,0.314739,0.309203,0.298143,0.290253,0.280054,0.267799,0.255282,0.296955,0.296028,0.289699,0.282108,0.264507,0.249621,0.229039,0.772133,0.760786,0.750137,0.74231,0.729079,0.725419,0.714546,0.713485,0.708779,0.713374,0.715438,0.715496,0.716909,0.714918,0.708975,0.707547,0.700999,0.701849,0.705627,0.703329,0.699088,0.690791,0.678388,0.660857,0.655211,0.652657,0.641828,0.633355,0.623747,0.620202,0.618367,0.620475,0.621003,0.627136,0.628598,0.634866,0.637722,0.641334,0.642436,0.645542,0.641732,0.642906,0.64089,0.642872,0.640605,0.63827,0.632241,0.63939,0.719445,0.710031,0.694948,0.677768,0.674158,0.661079,0.650632,0.638235,0.621521,0.608869,0.594103,0.581688,0.567676,0.555087,0.550529,0.547757,0.551552,0.555136,0.558898,0.561529,0.56042,0.557472,0.550388,0.541275,0.532529,0.522348,0.512297,];
time = 93.6
