xte_pos = [0.146961,0.140138,0.129604,0.118028,0.104141,0.0914545,0.0772032,0.0715263,0.0691899,0.0621669,0.0601594,0.068361,0.0679792,0.0724046,0.0812707,0.0670925,0.0336935,0.0873423,0.0774426,0.0716035,0.0504484,0.0332557,0.0163873,0.00406665,0.00636627,0.012421,0.0152399,0.0218334,0.0180157,0.0141622,0.0107085,0.0285708,0.0597763,0.0729855,0.102824,0.114329,0.129113,0.136985,0.136048,0.137475,0.149458,0.148806,0.137372,0.127861,0.124262,0.102304,0.0937013,0.0781306,0.0741998,0.0695402,0.0604364,0.0566463,0.0525931,0.0545078,0.0504307,0.0475338,0.0415922,0.0409638,0.038586,0.0362623];
time = 16.2s
thresh = 0.5
