dist_err_pos = {[3.09608,3.09608,3.05502,2.88502,2.69105,2.48409,2.28225,2.07641,1.87498,1.67337,1.4774,1.27965,1.08986,0.897671,0.728239,0.588536,0.494413,0.417324,0.359914,0.310791,0.276816,0.246629,0.228012,0.204076,0.184615],[0.244947,0.231925,0.221533,0.204102,0.182974],[0.263519,0.24725,0.223336,0.194365],[0.2769,0.242768,0.226271,0.198859],[0.276639,0.243297,0.219297,0.183087],[0.249973,0.22204,0.183245],[0.247433,0.206314,0.166248],[0.224656,0.184101],[0.235985,0.202122,0.169176],[0.218006,0.177542],[0.225054,0.180305],[0.220327,0.18439],[0.227851,0.182978],[0.219242,0.174423],[0.211655,0.166418],[0.206554,0.168297],[0.224931,0.188737],[0.257786,0.224819,0.194701],[0.259099,0.240226,0.2089,0.185176],[0.25723,0.241838,0.211833,0.189992],[0.269685,0.254592,0.224604,0.202125,0.172279],[0.264696,0.235148,0.213298,0.184118],[0.280489,0.248274,0.227489,0.193775],[0.282787,0.252357,0.228001,0.198443],[0.283281,0.258074,0.214472,0.18193],[0.266138,0.241905,0.208248,0.186832],[0.281521,0.275711,0.257993,0.224751,0.205562,0.1828],[0.290717,0.268523,0.246861,0.224824,0.203625,0.185262],[0.279418,0.260117,0.247513,0.22853,0.215443,0.196348],[0.293986,0.275687,0.257971,0.233243,0.217381,0.193308],[0.273893,0.256922,0.234355,0.210363,0.1954],[0.262421,0.239631,0.217052,0.188245],[0.260455,0.245882,0.231214,0.209148,0.187621],[0.248509,0.234651,0.202964,0.190254],[0.261693,0.236729,0.205709,0.175108],[0.235378,0.204857,0.187222],[0.244076,0.225936,0.201277,0.183957],[0.245637,0.214018,0.183006],[0.245664,0.214454,0.182994],[0.234965,0.203484,0.172419],[0.22191,0.191583],[0.244247,0.207547,0.171201],[0.228847,0.192571],[0.257047,0.215558,0.175149],[0.243757,0.212854,0.175681],[0.25164,0.216373,0.18299],[0.26868,0.234454,0.195208],[0.273573,0.240257,0.202231,0.168351],[0.265587,0.231686,0.202693,0.166316],[0.256788]};
time = 38.8s
size =  50
thresh = 0.2
