xte_pos = [0.0906928,0.0981576,0.0998706,0.112497,0.117949,0.123969,0.112485,0.121554,0.117772,0.123631,0.120162,0.128191,0.124268,0.128587,0.125958,0.133985,0.140682,0.136258,0.125338,0.119372,0.123997,0.112725,0.109207,0.101305,0.0950269,0.0919274,0.0858355,0.084636,0.076577,0.068647,0.0684143,0.0655739,0.0575841,0.0530022,0.0505252,0.0475802,0.04632,0.0460196,0.0494082,0.0497798,0.0478516,0.0398885,0.0392744,0.038467,0.0390773,0.0358848,0.038514,0.0385494,0.037374,0.0366626,0.0408301,0.0376062,0.0426619,0.0494533,0.0608791,0.0625353,0.075138,0.073867,0.0872974,0.0834473,0.0888981,0.0912644,0.0845937,0.0835494,0.0812905,0.0739791,0.0819855,0.0775931,0.0904086,0.091413,0.0912104,0.0835554,0.0836614,0.0778155,0.0678041,0.064205,0.0598909,0.0551162,0.0467157,0.0380915,0.0282816,0.0234377,0.0277653,0.0266728,0.023158,0.0245382,0.0205475,0.0242178,0.0207372,0.0217678,0.0243296,0.0272808,0.0261408,0.0274344,0.0250359,0.0301901,0.0302605,0.0257915,0.023925,0.02526,0.0255858,0.0255596,0.0318576,0.0384972,0.0383838,0.0421585,0.0367507,0.0374533,0.0449038,0.0507044,0.0599048,0.0654014];
time = 26.8s
thresh = 0.3
