xte_vel = [2.42396,2.42396,2.28983,2.17708,2.13719,2.10168,2.06512,2.03727,2.00512,1.97555,1.94609,1.91706,1.88563,1.86665,1.83338,1.81739,1.79295,1.77928,1.7551,1.74106,1.7257,1.70825,1.69094,1.66175,1.63648,1.61154,1.58239,1.54983,1.52283,1.4935,1.4677,1.43245,1.39913,1.36266,1.32775,1.28888,1.24522,1.20363,0.0685555,0.0493811,0.03524,0.0310133,0.0342926,0.0342938,0.0448173,0.0559983,0.0549249,0.067233,0.0783236,0.0836594,0.0933374,0.0911429,0.0961777,0.10094,0.0935519,0.0981394,0.102661,0.110622,0.111512,0.117371,0.109757,0.105563,0.107328,0.104377,0.101118,0.100391,0.0976428,0.0855434,0.0840831,0.0823557,0.0769205,0.0692701,0.0715213,0.0739546,0.0677182,0.0674765,0.0648428,0.0669581,0.0670328,0.0744967,0.0753804,0.0817975,0.0807188,0.0860697,0.0856166,0.0871164,0.088757,0.0897089,0.0892501,0.095566,0.0958052,0.0936342,0.093189,0.0879478,0.0821202,0.078572,0.0697566,0.0635134,0.0657536,0.0602359,0.0577242,0.053453,0.0487382,0.0553946,0.0559338,0.0647917,0.0646877,0.0669993,0.068128,0.078611,0.0785972,0.079494,0.0777464,0.0749497,0.0732286,0.0754826,0.0741855,0.0598803,0.0597663,0.0468292,0.0471189,0.0342663,0.029196,0.0221667,0.0176672,0.0242396,0.0282007,0.0326586,0.0370251,0.0462995,0.0521878,0.0510439,0.0530138,0.0587871,0.0647216,0.0723076,0.0800245,0.0878377,0.0852115,0.0902343,0.0865495,0.082386,0.0752204,0.0684448,0.0623897,0.0593623,0.0625614,0.0621211,0.0619882,0.0649275,0.0591909,0.0667839,0.0700694,0.0643524,0.0619702,0.0561981,0.0630295,0.0575012,0.0654562,0.0647678,0.0682251,0.0676652,0.0724085,0.0722538,0.0686206,0.064752,0.0635207,0.0661697,0.0633089,0.0609417,0.0544496,0.0527838,0.0467836,0.0334758,0.0343138,0.0305027,0.0316314,0.0328233,0.037666,0.0473254,0.0599831,0.0626776,0.0614651,0.0594699,0.0582576,0.0556796,0.0559629,0.0513226];
time = 42.6s
thresh = 0.4
set_speed = 0.2
