rmse_vel = {[3.05413,3.05413,2.90914,2.76814,2.67115,2.58111,2.48805,2.39403,2.29908,2.20411,2.10929,2.01546,1.921,1.82643,1.73098,1.63567,1.53952,1.44557,1.35273,1.25717,1.16059,1.06618,0.971877,0.877668,0.782732,0.688091,0.592666,0.498723],[0.321424],[0.220544],[0.295531],[0.448188],[0.58069,0.519097,0.434397],[0.481698],[0.518655,0.429523],[0.473176],[0.509119,0.416666],[0.449254],[0.487947],[0.530321,0.431931],[0.473813],[0.514096,0.415282],[0.454618],[0.492285],[0.52471,0.412915],[0.449818],[0.483268],[0.524599,0.427892],[0.465117],[0.502255,0.395378],[0.435525],[0.467304],[0.513368,0.417833],[0.45506],[0.492648],[0.539337,0.438074],[0.479485],[0.512261,0.408681],[0.439446],[0.478069],[0.51523,0.413001],[0.444313],[0.487604],[0.519672,0.409891],[0.451425],[0.478532],[0.516298,0.407099],[0.450235],[0.487028],[0.529729,0.427495],[0.4659],[0.50577,0.40429],[0.447036],[0.480721],[0.526004,0.417078],[0.460903],[0.499745]};
time = 18.8s
size =  50
thresh = 0.5
set_speed = 0.5
