xte_vel = [2.57937,2.57937,2.45698,2.3569,2.33104,2.31904,2.30047,2.28265,2.26067,2.23448,2.19365,2.15732,2.1143,2.08523,2.0384,2.00221,1.96004,1.93213,1.89013,1.86113,1.81771,1.78675,1.74776,1.71683,1.68956,1.65707,1.6269,1.59984,1.57443,1.55065,1.52008,1.49736,1.47039,1.45158,1.42321,1.40411,1.37724,1.35606,1.3356,1.30926,1.28967,1.2639,1.24366,1.21723,1.19343,1.16354,1.13156,1.10055,1.0762,1.04535,1.02105,0.988854,0.970336,0.946365,0.927677,0.90767,0.883592,0.862165,0.836153,0.813521,0.792643,0.769752,0.753725,0.741176,0.728794,0.717622,0.714184,0.709976,0.704999,0.692295,0.681784,0.668409,0.654151,0.641509,0.625637,0.610613,0.593943,0.575774,0.568467,0.554781,0.545027,0.530702,0.517118,0.495826,0.481691,0.464401,0.4422,0.426339,0.410015,0.393822,0.380041,0.362857,0.343827,0.325836,0.305542,0.283879,0.269908,0.24812,0.226779,0.207635,0.18541,0.165921,0.147408,0.114861,0.11224,0.101209,0.0957263,0.0902067,0.0824245,0.0693925,0.0639357,0.053325,0.0454998,0.0374152,0.0401472,0.0371261,0.0348488,0.042829,0.0398243,0.0410238,0.0419402,0.0414561,0.0544177,0.0554695,0.0567949,0.0555035,0.0608148,0.058872,0.0710448,0.0733746,0.0836878,0.0780801,0.0848076,0.0838844,0.0817568,0.0796602,0.0796952,0.0729094,0.0711232,0.0670196,0.0609141,0.0548668,0.0450728,0.0419425,0.0349247,0.0281549,0.0251023,0.0145964,0.0251323,0.0214545,0.0342425,0.0398333,0.0391629,0.038721,0.0438899,0.0435113,0.043213,0.0430092,0.0480504,0.0413219,0.0422203,0.0418204,0.042661,0.042939,0.0542329,0.060162,0.0597656,0.0677191,0.0678827,0.0741763,0.0697798,0.0648714,0.0574131,0.0596443,0.0511352,0.0489878,0.0468122,0.0433416,0.0421993,0.0334034,0.0383026,0.0355026,0.0373056,0.0394248,0.0403343,0.0377915,0.0392635,0.0332307,0.0327692,0.0302645,0.033441,0.0340967,0.0394086,0.038962,0.0344059,0.035029,0.0434227,0.0402905,0.0416326,0.042407,0.0419431,0.0433843,0.0461534,0.0451524,0.0397963,0.0382067,0.0405534,0.0462874,0.0514863,0.0574749,0.057379,0.0579493,0.057877,0.0666715,0.0777538,0.0826796,0.0803905,0.0797048,0.0780044,0.0714077,0.0636068,0.0625479,0.0557902,0.0558414,0.0454744,0.0497174,0.0532625,0.0516516,0.0512267,0.0437642,0.0421103,0.034449,0.0334098,0.0202542,0.0200702,0.0066454,0.00818853,0.0186773,0.019618,0.0214757,0.0209926,0.0270082,0.0298336,0.035975,0.0371653,0.040789,0.0466029,0.0444963,0.0479481,0.0458453,0.050598,0.0468713,0.04909,0.055508,0.0628059,0.0701324,0.0753552,0.0756893,0.0723129,0.0795404,0.0766268,0.0759749,0.0661049,0.0674254,0.0636973,0.0662309,0.0661929];
time = 53.4s
thresh = 0.3
set_speed = 0.2
