xte_vel = [2.5299,2.5299,2.4026,2.28084,2.19974,2.12146,2.04022,1.95892,1.88447,1.80244,1.72363,1.64255,1.55644,1.47473,1.39229,1.30996,1.22694,1.14571,1.06191,0.983901,0.901508,0.824411,0.747411,0.666754,0.589172,0.511834,0.438585,0.361861,0.289074,0.213,0.142881,0.081247,0.0422287,0.0388118,0.054819,0.0719763,0.0789609,0.0923853,0.0974378,0.0979743,0.0992924,0.0946012,0.0919074,0.0875811,0.082448,0.0786709,0.0761591,0.0744869,0.0753454,0.0796125,0.0814952,0.0754901,0.0820288,0.0836794,0.0825682,0.0792238,0.076363,0.0755565,0.0702346,0.0724916,0.0686321,0.069159,0.0728182,0.0693862,0.0672271,0.0677237,0.0656184,0.0637686,0.0612207,0.0682637,0.0690086,0.0719542,0.0663927,0.0612676,0.050113,0.0473134,0.0370516,0.0292032,0.0309203,0.0292484,0.0349896,0.0308475,0.0344327,0.0417378,0.0469218,0.0521216,0.0573422,0.0604783,0.0531455,0.0517587,0.045652,0.0476184,0.04483,0.0495822,0.053656];
time = 18.8s
thresh = 0.5
set_speed = 0.5
