rmse_vel = {[3.04826,3.04826,2.91349,2.79276,2.73663,2.68979,2.64762,2.60278,2.55872,2.51022,2.46926,2.42389,2.38763,2.34592,2.30721,2.26175,2.22153,2.17249,2.13584,2.09102,2.05341,2.00853,1.97367,1.93555,1.90197,1.8622,1.83488,1.7938,1.77156,1.73459,1.70792,1.67224,1.64544,1.60483,1.58181,1.54395,1.51668,1.47445,1.44124,1.41362,1.37589,1.33462,1.28797,1.24866,1.199,1.15582,1.10802,1.05772,1.01268,0.957633,0.907488,0.850246,0.798973,0.746116,0.693267,0.634447,0.582836,0.528445,0.470404,0.411628,0.351312,0.289447],[0.128139],[0.161798],[0.342758,0.377078,0.368552,0.343575,0.31523,0.284864],[0.37345,0.34116,0.296954],[0.37783,0.325133,0.280294],[0.35916,0.304966,0.25543],[0.32538,0.262207],[0.345903,0.284271],[0.363225,0.310284,0.250467],[0.324189,0.263636],[0.343772,0.286533],[0.366169,0.30063,0.244221],[0.317538,0.255266],[0.331768,0.267044],[0.353215,0.297735],[0.381864,0.324387,0.263157],[0.351748,0.288183],[0.376359,0.319045,0.26315],[0.351512,0.291834],[0.385478,0.326862,0.273798],[0.364085,0.310093,0.254923],[0.342134,0.29121],[0.377718,0.330996,0.270528],[0.357068,0.300334,0.241051],[0.329616,0.275719],[0.365509,0.318312,0.259461],[0.345046,0.291174],[0.376772,0.329006,0.274503],[0.359541,0.298841],[0.384478,0.331859,0.275505],[0.362786,0.305853,0.244191],[0.333753,0.276462],[0.358704,0.305178,0.250012],[0.332361,0.277727],[0.359595,0.313618,0.258055],[0.344922,0.283567],[0.366391,0.303866,0.239331],[0.32296,0.267195],[0.353803,0.298035],[0.383037,0.319634,0.258505],[0.338824,0.281407],[0.360586,0.311444,0.25153],[0.32967,0.261803],[0.343058,0.285087],[0.367211,0.307221,0.246813],[0.324716,0.26339],[0.341764,0.281103],[0.362077,0.302031,0.241578],[0.322663]};
time = 36.4s
size =  50
thresh = 0.3
set_speed = 0.3
