rmse_vel = {[3.01748,3.01748,2.8835,2.75753,2.69741,2.64931,2.60232,2.55356,2.50586,2.45627,2.4068,2.35431,2.30507,2.25389,2.20342,2.15011,2.10016,2.04815,1.9979,1.94587,1.89721,1.84665,1.79758,1.74759,1.69956,1.65266,1.61066,1.56132,1.51559,1.46854,1.4209,1.37143,1.32979,1.28247,1.24023,1.19421,1.15275,1.10894,1.06642,1.02364,0.984344,0.942257,0.904688,0.860909,0.817311,0.769038,0.721746,0.670755,0.624524,0.57555,0.530478,0.481189,0.434589,0.385357],[0.296605],[0.286927],[0.363928],[0.480984,0.454698,0.414444,0.366477],[0.44997,0.399994],[0.474891,0.4244,0.372847],[0.459706,0.399763],[0.480176,0.433467,0.380502],[0.465916,0.414241,0.364266],[0.442997,0.386154],[0.471119,0.406781,0.342288],[0.418282,0.347436],[0.422554,0.349772],[0.417299,0.353093],[0.424874,0.361837],[0.432275,0.364472],[0.436792,0.36694],[0.439155,0.362482],[0.434329,0.370959],[0.449994,0.386196],[0.459385,0.394754],[0.472635,0.405762,0.343332],[0.418409,0.346522],[0.423095,0.353694],[0.432763,0.372009],[0.452543,0.393316],[0.467302,0.405371,0.344812],[0.425185,0.365643],[0.446077,0.384595],[0.455229,0.39214],[0.473931,0.408,0.351496],[0.422665,0.350659],[0.428277,0.354358],[0.42546,0.357458],[0.433379,0.35889],[0.429241,0.355788],[0.435208,0.364148],[0.433202,0.369799],[0.443159,0.376663],[0.45283,0.386249],[0.462784,0.396716],[0.47246,0.408003,0.340233],[0.416858,0.351335],[0.428917,0.361246],[0.440637,0.382677],[0.45871,0.396517],[0.482231,0.431147,0.36444],[0.446377,0.384681],[0.468315]};
time = 31.6s
size =  50
thresh = 0.4
set_speed = 0.3
