rmse_vel = {[3.05137,3.05137,2.91153,2.77578,2.69516,2.62365,2.54997,2.47491,2.39981,2.32877,2.25859,2.18874,2.11582,2.04208,1.97014,1.8979,1.82776,1.75617,1.68529,1.61163,1.53987,1.47247,1.40544,1.33745,1.26844,1.2047,1.14439,1.08211,1.01946,0.953795,0.893429,0.833195,0.776086,0.72499,0.674424,0.619411,0.568352,0.51777,0.47292,0.426688,0.376196],[0.400096,0.356849],[0.411458,0.358417],[0.425759,0.350072],[0.410737,0.325796],[0.377161],[0.437744,0.349548],[0.40541,0.313336],[0.366667],[0.430131,0.348363],[0.409208,0.318959],[0.38212],[0.442929,0.364309],[0.424424,0.348593],[0.409017,0.333432],[0.392703],[0.453822,0.37388],[0.435265,0.350595],[0.410849,0.334811],[0.392348],[0.459635,0.37783],[0.429214,0.35127],[0.412262,0.326365],[0.38612],[0.447843,0.365061],[0.416414,0.330387],[0.390448],[0.449553,0.362174],[0.42256,0.335154],[0.38644],[0.447184,0.357453],[0.417029,0.328542],[0.377195],[0.429225,0.333679],[0.387733],[0.448476,0.362719],[0.418998,0.338571],[0.394161],[0.44286,0.353645],[0.412017,0.337166],[0.395662],[0.462154,0.383798],[0.436323,0.358657],[0.417266,0.335211],[0.387617],[0.443791,0.358732],[0.422812,0.341198],[0.404517,0.324401],[0.384637],[0.449469]};
time = 24.6s
size =  50
thresh = 0.4
set_speed = 0.4
