xte_vel = [2.53078,2.53078,2.41794,2.32068,2.27031,2.23364,2.19006,2.15142,2.10342,2.0578,2.00606,1.95671,1.90176,1.85162,1.79027,1.73276,1.66524,1.60851,1.54229,1.48439,1.41914,1.35982,1.30474,1.25004,1.19476,1.14131,1.08615,1.04132,0.993639,0.952112,0.911428,0.871159,0.834692,0.80313,0.761613,0.732876,0.700698,0.667352,0.633964,0.605647,0.582202,0.55965,0.53614,0.515663,0.493173,0.479994,0.466451,0.443715,0.432859,0.419255,0.396921,0.381552,0.360782,0.338769,0.316759,0.292391,0.269088,0.245908,0.222038,0.19762,0.17202,0.145206,0.117151,0.0808728,0.053167,0.0950957,0.11248,0.130982,0.144472,0.152001,0.148447,0.147075,0.139474,0.13843,0.126751,0.120876,0.109177,0.0983544,0.0751051,0.0694542,0.0600357,0.0525354,0.0418208,0.0394029,0.0326166,0.0305325,0.0286902,0.0286759,0.0262482,0.0339814,0.0342865,0.0405505,0.0373192,0.0461218,0.0433321,0.0452373,0.0490589,0.0487905,0.050946,0.049158,0.0402643,0.0364653,0.0351266,0.0339046,0.0342235,0.0242992,0.0355578,0.0424961,0.0417948,0.0444568,0.0367006,0.0389295,0.0280329,0.0306879,0.0354043,0.0375159,0.0323487,0.0311498,0.0331033,0.0218832,0.0186908,0.0086124,0.0112346,0.0155784,0.00983227,0.0114028,0.0114555,0.0139062,0.0146161,0.00860953,0.0104917,0.0110285,0.00950451,0.0104631,0.00597918,0.00360404,0.0112978,0.00935101,0.012457,0.0216315,0.0221389,0.0222076,0.0191148,0.0173363,0.0183923,0.016077,0.0183765,0.0241658,0.0271593,0.0252016,0.0281859,0.0255562,0.0286977,0.0185669,0.0167836,0.0149162,0.0125992,0.0109644,0.0102235,0.00581404,0.0151385,0.0245449,0.0292891,0.0288017,0.0344661,0.0324677,0.0348192,0.0293948,0.0267689,0.0222635,0.0201368,0.0202396,0.0215425,0.0257327,0.0283709,0.0320532,0.0343377,0.0359614,0.0382081,0.0409358,0.0437048];
time = 36.4s
thresh = 0.3
set_speed = 0.3
