rmse_vel = {[3.00105,3.00105,2.86667,2.71721,2.61874,2.51889,2.42032,2.31787,2.21367,2.12222,2.02042,1.90964,1.81793,1.71868,1.61014,1.52012,1.41141,1.31158,1.21633,1.12553,1.03682,0.948435,0.876335,0.792637,0.702498,0.624186,0.551105,0.486625,0.428546,0.380805,0.325597,0.274771,0.229145,0.184717],[0.202381,0.156493],[0.234052,0.176956],[0.266591,0.217845,0.191504],[0.227296,0.172069],[0.196687],[0.245152,0.166834],[0.231241,0.180121],[0.234872,0.210811,0.21024,0.20573,0.207212,0.191728],[0.0683438],[0.162081],[0.328501,0.344109,0.345115,0.334811,0.314086,0.280526,0.223721,0.15122],[0.173689],[0.269675,0.225856,0.158799],[0.194102],[0.225929,0.153867],[0.19508],[0.248102,0.187929],[0.239473,0.168443],[0.241893,0.170998],[0.222063,0.159834],[0.200959,0.120237],[0.164034],[0.213706,0.137216],[0.195883],[0.253462,0.1962],[0.234252,0.166655],[0.2119,0.127108],[0.187904],[0.268708,0.226389,0.188244],[0.239098,0.195095],[0.225295,0.154796],[0.187282],[0.249861,0.189098],[0.249833,0.199037],[0.254388,0.199334],[0.224927,0.159421],[0.187549],[0.249443,0.179707],[0.249567,0.193926],[0.247404,0.198957],[0.233209,0.168606],[0.193223],[0.237865,0.158046],[0.227829,0.150883],[0.198095],[0.252658,0.170637],[0.19845],[0.234649,0.155343],[0.194006]};
time = 25.8s
size =  50
thresh = 0.2
set_speed = 0.5
