xte_vel = [2.47936,2.47936,2.35331,2.24592,2.18465,2.12578,2.06538,2.00579,1.94862,1.8844,1.82266,1.7585,1.69808,1.63151,1.57125,1.5024,1.43749,1.3715,1.30593,1.24106,1.18158,1.11439,1.05409,0.995308,0.9322,0.877623,0.821286,0.761441,0.705107,0.643352,0.582115,0.517341,0.459334,0.398491,0.338133,0.275918,0.214934,0.161426,0.115479,0.0707102,0.0448864,0.0556559,0.0711934,0.0881751,0.100711,0.116724,0.120605,0.128079,0.134702,0.135573,0.136207,0.139424,0.138575,0.133602,0.125258,0.127947,0.12422,0.11773,0.121804,0.115874,0.112835,0.106813,0.105961,0.10401,0.093934,0.0865969,0.085145,0.0853166,0.0858199,0.0851595,0.0864947,0.0867203,0.0910128,0.0923219,0.0954079,0.0952002,0.104875,0.0948558,0.099248,0.09093,0.093771,0.0942693,0.0842503,0.0817739,0.0813451,0.0717535,0.0753467,0.0764241,0.0868195,0.0896447,0.0887334,0.0884967,0.0880425,0.0792841,0.0693184,0.0691391,0.0584836,0.0588832,0.0493919,0.0482384,0.0391961,0.0388506,0.0308706,0.0228244,0.0222534,0.0196626,0.023785,0.0241286,0.023808,0.0225537,0.0214125,0.0131755,0.00870702,0.00987228,0.0116012,0.0169252,0.0206884];
time = 23.2s
thresh = 0.5
set_speed = 0.4
