xte_vel = [2.51518,2.51518,2.39562,2.27253,2.19098,2.12437,2.05918,1.99182,1.93757,1.88739,1.84085,1.79149,1.74251,1.69272,1.64867,1.59969,1.55648,1.5075,1.46546,1.41403,1.36619,1.32496,1.27959,1.2326,1.18081,1.13557,1.092,1.04302,0.991165,0.934968,0.883594,0.828438,0.143431,0.116384,0.0909957,0.0687607,0.0488498,0.0310775,0.0229725,0.0196862,0.0244945,0.0285929,0.0437385,0.0551512,0.066182,0.0801595,0.0809623,0.0865694,0.0923695,0.0984927,0.104871,0.105271,0.105639,0.106158,0.0937456,0.0942445,0.0872905,0.0875952,0.088095,0.0822045,0.0842994,0.0796448,0.0806645,0.0800687,0.0798812,0.073812,0.0728773,0.0651553,0.0635137,0.056128,0.0495488,0.0491266,0.0489118,0.0416908,0.0420676,0.0347883,0.0334268,0.0402499,0.0484609,0.0550859,0.0565969,0.0653158,0.0685133,0.0692969,0.0673856,0.0654035,0.0633655,0.0563111,0.0523533,0.0437199,0.0361286,0.0309777,0.0251573,0.0188083,0.0236141,0.0195135,0.0184847,0.0254701,0.0252358,0.0266848,0.0208824,0.0199771,0.0177192,0.0220687,0.022541,0.0318062,0.0314566,0.0282167,0.0243307,0.0222317];
time = 24.6s
thresh = 0.4
set_speed = 0.4
