rmse_vel = {[2.93233,2.93233,2.78037,2.65934,2.61543,2.57655,2.54157,2.5027,2.46371,2.4219,2.38015,2.32965,2.28197,2.23311,2.1869,2.14238,2.09862,2.05489,2.01223,1.96963,1.92658,1.88666,1.84785,1.80622,1.76337,1.7238,1.6779,1.63231,1.58907,1.54892,1.51097,1.4682,1.42603,1.38427,1.34216,1.29907,1.25149,1.20738,1.16309,1.12549,1.07708,1.03419,0.993598,0.952953,0.914329,0.870989,0.82301,0.774271,0.72254,0.679787,0.629571,0.581299,0.535953,0.493927,0.450182,0.394565],[0.423086,0.387605],[0.461393,0.419111,0.381211],[0.474668,0.422419,0.378444],[0.472873,0.429987,0.381946],[0.473014,0.420221,0.370438],[0.461047,0.412461,0.359997],[0.454266,0.406656,0.363514],[0.451222,0.396901],[0.490763,0.445245,0.396351],[0.487769,0.43835,0.403642,0.36143],[0.45362,0.40539,0.369652],[0.46441,0.427627,0.392528],[0.494093,0.458319,0.415444,0.379409],[0.483026,0.433751,0.38952],[0.492777,0.457015,0.415295,0.377204],[0.474553,0.440957,0.399673],[0.503797,0.4566,0.422342,0.377463],[0.483018,0.444985,0.399516],[0.498904,0.460005,0.4221,0.389063],[0.488822,0.450318,0.412522,0.369502],[0.465183,0.428829,0.387806],[0.485226,0.454216,0.406013,0.363161],[0.467273,0.426334,0.391499],[0.492942,0.461554,0.423338,0.380187],[0.480709,0.446279,0.408319,0.368126],[0.470986,0.436433,0.400962,0.36265],[0.467448,0.43023,0.395432],[0.494404,0.454857,0.413731,0.378601],[0.475502,0.430888,0.388307],[0.480375,0.445592,0.40337,0.363632],[0.460571,0.426986,0.384037],[0.478608,0.436247,0.391955],[0.487048,0.443033,0.401872,0.354747],[0.449643,0.405306,0.35613],[0.446592,0.399204],[0.495446,0.443453,0.404621,0.366487],[0.45383,0.407048,0.361597],[0.449405,0.402645,0.360182],[0.45326,0.405612,0.359451],[0.454187,0.414762,0.379861],[0.480097,0.433159,0.395109],[0.492248,0.448586,0.408508,0.355733],[0.452136,0.409011,0.360411],[0.456912,0.408369,0.366039],[0.464508,0.416187,0.378996],[0.47146,0.429313,0.38446],[0.486034,0.44582,0.408009,0.370692],[0.472846,0.428418,0.38963],[0.486145]};
time = 42.6s
size =  50
thresh = 0.4
set_speed = 0.2
