rmse_vel = {[2.9421,2.9421,2.8181,2.67909,2.57912,2.48736,2.39737,2.30939,2.22232,2.13525,2.0465,1.95578,1.86965,1.78497,1.6978,1.60724,1.52013,1.43415,1.34662,1.26168,1.17585,1.09357,1.01388,0.936861,0.860183,0.785513,0.711799,0.636262,0.566559,0.500901,0.441685,0.379389,0.327436,0.278781],[0.35136,0.318348,0.279903],[0.367924,0.310826,0.251126],[0.318793,0.248943],[0.321897,0.246822],[0.315838,0.244512],[0.318187,0.252423],[0.317871,0.246204],[0.30916,0.237431],[0.301545,0.23792],[0.301263,0.231447],[0.294438],[0.355511,0.283793],[0.346259,0.268779],[0.328261,0.251845],[0.311032,0.235749],[0.28815],[0.353612,0.277923],[0.328654,0.254875],[0.314782,0.232166],[0.285038],[0.347092,0.26124],[0.316533,0.237502],[0.290567],[0.352177,0.269727],[0.32407,0.235489],[0.291308],[0.349184,0.269348],[0.319534,0.231413],[0.285379],[0.347283,0.257524],[0.312458,0.221542],[0.282449],[0.332465,0.251308],[0.312798,0.239295],[0.293749],[0.353564,0.276122],[0.332454,0.244012],[0.302612,0.226245],[0.290292],[0.342715,0.264533],[0.322126,0.247937],[0.310387,0.234654],[0.299524],[0.3652,0.294807],[0.359236,0.282256],[0.347698,0.266219],[0.332726,0.254419],[0.321705,0.24341],[0.301172]};
time = 24.4s
size =  50
thresh = 0.3
set_speed = 0.4
