rmse_vel = {[2.828,2.828,2.68602,2.56505,2.46103,2.35903,2.25906,2.16003,2.06,1.959,1.858,1.76003,1.65714,1.55515,1.44727,1.34246,1.2415,1.14479,1.04786,0.951652,0.853268,0.753436,0.651661,0.54698,0.442806,0.342229,0.241595],[0.171202],[0.300318,0.338163,0.321351,0.247505],[0.300117,0.221026],[0.285789],[0.342566,0.266249],[0.317238,0.231293],[0.284124],[0.332337,0.240765],[0.27708],[0.306403,0.201253],[0.242521],[0.277557],[0.318022,0.213531],[0.259097],[0.296838],[0.334625,0.226499],[0.271167],[0.309767,0.213764],[0.258794],[0.294675],[0.34428,0.239485],[0.281101],[0.320446,0.218805],[0.251672],[0.28819],[0.32057,0.209303],[0.250355],[0.283932],[0.323774,0.214708],[0.246548],[0.28335],[0.318851,0.215671],[0.255015],[0.293821],[0.330544,0.227579],[0.260064],[0.29779],[0.336632,0.234658],[0.267911],[0.30365,0.196128],[0.227846],[0.267254],[0.3056,0.197027],[0.236968],[0.270297],[0.307676,0.21138],[0.243427],[0.280829],[0.312684]};
time = 19.2s
size =  50
thresh = 0.3
set_speed = 0.5
