xte_vel = [2.52391,2.52391,2.40995,2.2953,2.22733,2.14724,2.07353,1.99234,1.91224,1.83582,1.75606,1.66632,1.59728,1.52072,1.43153,1.36119,1.27191,1.1932,1.11567,1.04335,0.97259,0.895539,0.83437,0.759413,0.6806,0.608451,0.54199,0.481321,0.0358107,0.0959946,0.141246,0.172621,0.169266,0.148397,0.100079,0.0555431,0.04353,0.0806766,0.138847,0.18345,0.201335,0.208654,0.18165,0.142017,0.0896877,0.0624467,0.083056,0.0978852,0.129218,0.18758,0.226417,0.241218,0.233455,0.195251,0.137699,0.0654334,0.0241773,0.0685703,0.0911302,0.105572,0.108043,0.114799,0.11519,0.102284,0.0824045,0.0549691,0.0636942,0.0766978,0.0973447,0.108098,0.112498,0.104165,0.0778233,0.046838,0.0104829,0.0391764,0.079355,0.106745,0.126072,0.128851,0.116954,0.0904552,0.0552311,0.0384562,0.0757845,0.121758,0.155859,0.175106,0.174181,0.155862,0.122277,0.0748134,0.0195727,0.0357804,0.0938835,0.12709,0.155805,0.170698,0.156801,0.129649,0.0822202,0.0422808,0.0227772,0.0677444,0.11503,0.141082,0.151995,0.144996,0.126754,0.086812,0.0483055,0.0202857,0.0593332,0.099902,0.128476,0.141353,0.13013,0.104905,0.0737623,0.0407545,0.00854155];
time = 25.8s
thresh = 0.2
set_speed = 0.5
