xte_vel = [0.107287,0.0950213,0.0818578,0.08118,0.075194,0.0747197,0.0665533,0.0617338,0.051145,0.0460842,0.0339784,0.0270012,0.0144479,0.0116074,0.0202353,0.0209085,0.0378609,0.0429337,0.0542089,0.0674077,0.0738737,0.083797,0.0843612,0.101149,0.107446,0.105548,0.10768,0.0987097,0.0933911,0.0999697,0.0859859,0.0870591,0.0894984,0.0914797,0.0872944,0.095451,0.0834503,0.0935382,0.0963432,0.0962087,0.0943936,0.0932154,0.0881634,0.0805685,0.0734857,0.0713602,0.0641275,0.067227,0.0652676,0.0645185,0.061233,0.0641427,0.0643805,0.0644207,0.0630435,0.0670881,0.0695396,0.0765651,0.0766166,0.0734407,0.0730726,0.0800342,0.0808484,0.0776174,0.0714425,0.0692073,0.0616145,0.0528109,0.0462432,0.0404463,0.0293917,0.0230407,0.0220111,0.0222515,0.0196009,0.0126158,0.0116631,0.00641062,0.00668395,0.0136069,0.0173358,0.0289899,0.036039,0.041977,0.0455818,0.0551262,0.0632868,0.0711211,0.0763115,0.086035,0.0898587,0.0919934,0.0903968,0.100167,0.102808,0.110664,0.108277,0.112279,0.111735,0.110117,0.118053,0.118152,0.123724,0.12164,0.126643,0.126061,0.127014,0.132848,0.131104,0.127516,0.125785,0.124524,0.121672,0.119808,0.113765,0.110613,0.112205];
time = 33.6s
thresh = 0.5
set_speed = 0.3
