dist_err_vel = {[3.20804,3.20804,3.19604,3.15704,3.11202,3.06702,3.02602,2.98406,2.94306,2.90314,2.86022,2.81732,2.77352,2.73267,2.69296,2.65298,2.61635,2.57837,2.54508,2.50867,2.47131,2.43172,2.39216,2.35698,2.32149,2.29144,2.25754,2.22263,2.18476,2.14402,2.10381,2.06469,2.02391,1.98156,1.94381,1.90564,1.86596,1.83024,1.79391,1.75546,1.71292,1.66973,1.62629,1.58781,1.54708,1.50572,1.46457,1.42247,1.38138,1.34131,1.30325,1.26399,1.22011,1.17629,1.13546,1.0947,1.05695,1.01926,0.974451,0.928088,0.883353,0.832782,0.785161,0.740499,0.695156,0.655407,0.611827,0.561493,0.509419,0.464067,0.418025,0.372212,0.325046,0.277934],[0.277394],[0.331552,0.300467,0.277653],[0.373491,0.33692,0.311844,0.279666],[0.361735,0.32777,0.283501],[0.371244,0.329345,0.288529],[0.380942,0.337281,0.28933],[0.370337,0.331321,0.279876],[0.370081,0.326407,0.283207],[0.362113,0.313346,0.265195],[0.339053,0.288986],[0.364276,0.313223,0.259395],[0.339736,0.286254],[0.368202,0.315317,0.26994],[0.345535,0.293184],[0.368116,0.323775,0.272644],[0.350102,0.304134,0.256263],[0.339107,0.288613],[0.373173,0.330149,0.276298],[0.35425,0.307596,0.25838],[0.334896,0.277325],[0.353808,0.31035,0.257883],[0.343317,0.290481],[0.362292,0.322791,0.273749],[0.349957,0.291484],[0.370254,0.314142,0.269591],[0.340758,0.28728],[0.368484,0.314676,0.270995],[0.351053,0.296517],[0.374527,0.33005,0.285225],[0.347263,0.298367],[0.358383,0.308178,0.255462],[0.33225,0.276211],[0.34517,0.284602],[0.355809,0.295126],[0.354801,0.30658,0.245332],[0.321243,0.258157],[0.33248,0.278712],[0.352771,0.297249],[0.382509,0.329204,0.281022],[0.352174,0.30596,0.25211],[0.327269,0.27559],[0.352956,0.300659,0.259231],[0.324372,0.281573],[0.354163,0.303354,0.257533],[0.326242,0.282141],[0.367221,0.314148,0.252439],[0.329458,0.282107],[0.362726,0.317366,0.27324],[0.34572]};
time = 39.4s
size =  50
thresh = 0.3
set_speed = 0.2
