xte_vel = [0.0604502,0.035522,0.0276586,0.0446457,0.0563523,0.0604356,0.0623836,0.0718946,0.0887492,0.103753,0.104127,0.106469,0.103482,0.0800176,0.0734998,0.0439848,0.0278022,0.00512072,0.0194994,0.0329175,0.0380534,0.02304,0.00930112,0.0190795,0.0434851,0.0602973,0.0795222,0.085552,0.108667,0.112741,0.117423,0.11586,0.113491,0.0994674,0.0891012,0.0763305,0.059475,0.0451775,0.036864,0.0286976,0.0434911,0.0522307,0.0670798,0.0945413,0.111495,0.126787,0.133552,0.142944,0.142842,0.151074,0.141439,0.134218,0.115999,0.101802,0.0851328,0.0795647,0.0597233,0.0596484,0.0517587,0.0522199,0.0559554,0.0556183,0.063106,0.0651295,0.0714941,0.0824815,0.0961186,0.098256,0.101022,0.11171,0.116028,0.123911,0.116312,0.104688,0.0858922,0.0733817,0.0653893,0.0663432,0.0744816,0.0809097,0.089803,0.0868392];
time = 25.2s
thresh = 0.2
set_speed = 0.4
