dist_err_vel = {[3.13523,3.13523,3.10723,3.00724,2.88425,2.76426,2.64628,2.53129,2.41237,2.29839,2.18171,2.06975,1.9518,1.8403,1.72539,1.61569,1.50682,1.40223,1.29178,1.18503,1.07334,0.967242,0.860566,0.757425,0.658507,0.561643,0.456034,0.354813],[0.259112],[0.25235],[0.348203],[0.475004,0.464132,0.425244,0.371408],[0.417023,0.337466],[0.396719],[0.456829,0.392414],[0.458227,0.40758,0.358349],[0.426062,0.369437],[0.422843,0.366552],[0.407939,0.337301],[0.37511],[0.41131,0.321887],[0.363197],[0.396978],[0.434363,0.341692],[0.371807],[0.413795,0.321901],[0.360715],[0.398743],[0.444449,0.356831],[0.403219,0.318809],[0.354151],[0.394406],[0.438729,0.359885],[0.395915],[0.423588,0.336189],[0.365868],[0.400425,0.307284],[0.346706],[0.37396],[0.400699,0.307378],[0.345181],[0.367568],[0.397974],[0.42642,0.326738],[0.348069],[0.375707],[0.395369],[0.410358,0.315888],[0.333252],[0.369227],[0.405505,0.328706],[0.353946],[0.392155],[0.41672,0.331798],[0.358923],[0.375423],[0.401108]};
time = 19.8s
size =  50
thresh = 0.4
set_speed = 0.5
