xte_vel = [0.0380063,0.0269302,0.0540261,0.0769209,0.0915184,0.0928654,0.0980537,0.0958139,0.103757,0.0891197,0.0476933,0.00443578,0.0490698,0.0887571,0.118461,0.13568,0.139114,0.137677,0.123071,0.087316,0.0545737,0.0142306,0.0203244,0.0418799,0.0504633,0.0421713,0.0490011,0.0498409,0.0563941,0.0637604,0.0783974,0.0772841,0.0752885,0.0694458,0.0547458,0.0269526,0.00804242,0.0264591,0.0585018,0.0819803,0.0958254,0.106186,0.0957594,0.0920359,0.0669853,0.0304236,0.00769538,0.0319741,0.0531008,0.0630025,0.073069,0.0669112,0.0494641,0.0224362,0.0110032,0.0431976,0.0729807,0.107684,0.121914,0.128399,0.119444,0.102765,0.0801139,0.0443372,0.0298107,0.0163175,0.0121643,0.00918639,0.0116205,0.0243595,0.0412366,0.0415404,0.0373857,0.0293699,0.032853,0.0455495,0.0569086,0.0686354,0.0766537,0.0736,0.0652547,0.049059,0.0318475,0.0130028,0.0332651,0.0626361,0.0943022,0.110866,0.11878,0.107596,0.0927116,0.0742685,0.0433341,0.0167979,0.0238987,0.0415093,0.050216,0.0422298,0.0168625,0.0224761,0.0483964,0.0675763,0.0738679,0.0664993,0.0550966,0.0380629,0.0210465,0.0379384,0.0640903,0.0800512,0.0872938,0.090033,0.0906466,0.0698237,0.0356601,0.00900691,0.0344624,0.0796939,0.112392,0.132579,0.141741,0.133512,0.114614,0.0957218,0.0668888,0.0356609,0.0141431,0.0149448,0.0199952,0.0229344,0.0156411,0.00705256,0.0135226,0.0210389,0.0278733,0.0308573,0.0294071,0.0265846,0.0196436,0.0178302,0.00704371,0.00753269,0.0282974,0.0430358,0.0532063,0.0654753,0.0598086,0.0578062,0.0585052,0.0430864,0.0274195,0.0164394,0.0124234,0.0119451,0.0169687,0.0202692,0.0180626,0.0137564,0.0240534,0.0302264,0.0527491,0.0657063,0.0811435,0.0890703,0.0839802,0.0749594,0.058488,0.036869,0.0161822,0.0175856,0.0345166,0.0490976,0.0542995,0.0497957,0.04134,0.030199,0.0214489,0.0333,0.0545378,0.0735766,0.0873174];
time = 48.2s
thresh = 0.1
set_speed = 0.3
