dist_err_vel = {[3.15721,3.15721,3.13921,3.09421,3.03121,2.97432,2.92144,2.87159,2.82476,2.76917,2.71467,2.66499,2.61933,2.57137,2.52675,2.4818,2.43693,2.38899,2.34604,2.28952,2.24359,2.18968,2.13278,2.08287,2.04095,1.98905,1.94131,1.89641,1.84653,1.80264,1.74978,1.70192,1.65605,1.6102,1.57033,1.52549,1.47597,1.43151,1.38308,1.33707,1.28827,1.24042,1.19264,1.14757,1.09923,1.05179,1.00355,0.957864,0.917602,0.869194,0.825244,0.778446,0.735336,0.693877,0.650693,0.61262,0.562089,0.518325,0.48239],[0.496983],[0.540848,0.521947,0.49194],[0.578746,0.558204,0.540682,0.523782,0.496122],[0.579891,0.555707,0.531227,0.497863],[0.57525,0.54168,0.50578,0.470692],[0.548731,0.512942,0.476426],[0.556241,0.53207,0.498308],[0.581921,0.55905,0.531801,0.495561],[0.57227,0.545566,0.510787,0.484285],[0.570308,0.544287,0.505625,0.479892],[0.561025,0.530054,0.505743,0.463489],[0.554205,0.536217,0.514614,0.496885],[0.593035,0.568326,0.536536,0.504996,0.473561],[0.554909,0.523805,0.500186,0.463817],[0.546178,0.51724,0.488214],[0.56877,0.547729,0.519183,0.498465],[0.592333,0.564043,0.536219,0.499162],[0.591997,0.55439,0.524805,0.49883],[0.58263,0.55347,0.524415,0.491489],[0.573099,0.535387,0.50303,0.477161],[0.552769,0.518097,0.491662],[0.565252,0.538433,0.512247,0.481583],[0.553421,0.533645,0.501802,0.476543],[0.534924,0.511294,0.472972],[0.530095,0.507586,0.476134],[0.54934,0.517177,0.500263,0.482142],[0.552123,0.531424,0.502771,0.483264],[0.565039,0.538021,0.520399,0.496074],[0.573804,0.552864,0.533705,0.504111,0.483197],[0.549048,0.516977,0.494286],[0.565816,0.543786,0.522313,0.498468],[0.569405,0.543152,0.507573,0.48207],[0.546776,0.517373,0.479156],[0.555242,0.531991,0.500637,0.469003],[0.543837,0.517449,0.479123],[0.555237,0.517537,0.479331],[0.563476,0.519795,0.487978],[0.561971,0.51906,0.486789],[0.558093,0.526861,0.494728],[0.572139,0.534703,0.504857,0.475386],[0.556466,0.526625,0.491356],[0.581031,0.548495,0.51255,0.484563],[0.577806,0.551329,0.525302,0.493638],[0.587173,0.563978,0.533656,0.509111,0.479371],[0.576306,0.544492,0.526117,0.498228],[0.60139,0.570211,0.552534,0.521522,0.503929,0.467653],[0.571697,0.544949,0.518232,0.488116],[0.586001,0.559625,0.533327,0.507095,0.480938],[0.581226]};
time = 48s
size =  50
thresh = 0.5
set_speed = 0.2
