xte_vel = [0.857619,0.654704,0.55718,0.112039,0.100497,0.0779774,0.0670155,0.0670758,0.0933359,0.121363,0.150905,0.188269,0.210093,0.236,0.23696,0.243318,0.242379,0.233385,0.217998,0.207538,0.182689,0.160917,0.15169,0.135722,0.127637,0.120033,0.109157,0.116785,0.11284,0.117348,0.115919,0.119518,0.123868,0.129528,0.137647,0.138157,0.139267,0.140672,0.146113,0.140459,0.134554,0.134529,0.136198,0.13033,0.137098,0.146817,0.145698,0.148381,0.148021,0.152711,0.151855,0.143436,0.141812,0.140198,0.13792,0.145562,0.142393,0.142184,0.153549,0.159768,0.174418,0.189561,0.197342,0.203192,0.208338,0.207709,0.205618,0.21009,0.219541,0.217338];
time = 19.8s
thresh = 0.4
set_speed = 0.5
