xte_vel = [0.0920087,0.0836786,0.0885453,0.0930914,0.0832621,0.0808019,0.0656243,0.0613119,0.0441554,0.0441266,0.0460943,0.0657105,0.0759153,0.0940004,0.110657,0.125202,0.12546,0.133469,0.126482,0.125171,0.118587,0.113292,0.101216,0.0911777,0.0851759,0.0782638,0.0701438,0.0686745,0.0642408,0.0641635,0.0610107,0.0661299,0.0760273,0.0779767,0.0807281,0.0761666,0.0780508,0.0762121,0.0797219,0.0789151,0.0841276,0.0835806,0.0791873,0.0758049,0.0751516,0.0793092,0.0813946,0.082626,0.0844101,0.0817768,0.0799808,0.0775379,0.0759725,0.0760751,0.0771859,0.0764089,0.0830409,0.0840355,0.087021,0.0831056,0.0813624,0.0770198,0.0770805,0.0722064,0.0720085,0.0661272,0.062136,0.0531017,0.0536639,0.0525357,0.0578439,0.0589593,0.0704771,0.0781443,0.0759255,0.0820936];
time = 21.2s
thresh = 0.5
set_speed = 0.5
