dist_err_vel = {[3.17208,3.17208,3.15708,3.09908,3.03108,2.96109,2.89209,2.82609,2.76111,2.69612,2.63124,2.57224,2.52125,2.45525,2.39426,2.33832,2.28032,2.22441,2.17553,2.11354,2.0557,1.99272,1.94474,1.88176,1.81879,1.76481,1.71465,1.65968,1.5977,1.54073,1.48476,1.42759,1.37361,1.31946,1.26648,1.22234,1.17636,1.13337,1.07133,1.01824,0.959257,0.896482,0.839514,0.780553,0.715872,0.658948,0.60094,0.543041,0.491146,0.424327,0.370521,0.308009,0.253446,0.196572,0.140213,0.084068],[0.108218,0.111333,0.144165,0.140323,0.110651,0.0645559],[0.161107,0.133574,0.121895,0.10657,0.0930095],[0.127831,0.107155,0.104689,0.0924275],[0.0767228],[0.164131,0.147113,0.141287,0.136319,0.136709,0.139125,0.14538,0.143987,0.125928,0.103964,0.0659645],[0.0866518],[0.251709,0.296435,0.313778,0.309667,0.282856,0.252016,0.204548,0.169399,0.129309,0.0853668],[0.134186,0.0800574],[0.129657,0.0798783],[0.164863,0.117287,0.0898198],[0.14492,0.118344,0.0957622],[0.138343,0.0953439],[0.174203,0.149129,0.121977,0.101768,0.0796497],[0.148961,0.10791,0.0647078],[0.128229,0.0866903],[0.172135,0.137944,0.126474,0.122093,0.132976,0.146116,0.158614,0.149222,0.137594,0.10862,0.0803002],[0.0884003],[0.259226,0.296626,0.321894,0.317122,0.292904,0.255987,0.217746,0.174398,0.127876,0.0887853],[0.153552,0.113446,0.0763137],[0.110704,0.0606155],[0.123475,0.0525416],[0.132102,0.091564],[0.172894,0.146132,0.124023,0.107596,0.104281,0.10835,0.106317,0.105596,0.103195,0.0861041],[0.110779,0.149607,0.186581,0.214593,0.203266,0.195143,0.166604,0.125401,0.0838235],[0.157117,0.0996741],[0.181898,0.143975,0.114338,0.0906859],[0.122981,0.0943489],[0.12538,0.0683187],[0.140786,0.114461,0.0988198],[0.181141,0.159808,0.144217,0.133635,0.121384,0.121123,0.10993,0.0940432],[0.0666015],[0.216269,0.255886,0.282596,0.274408,0.253292,0.234881,0.203764,0.167364,0.118242,0.0649688],[0.129574,0.0734601],[0.135428,0.0681639],[0.1459,0.0871363],[0.154023,0.100582,0.0691319],[0.108545,0.0652265],[0.133871,0.0785441],[0.165851,0.123443,0.0815459],[0.168466,0.12946,0.0844452],[0.157372,0.105161,0.0575303],[0.130527,0.0935612],[0.169168,0.131173,0.107489,0.0853783],[0.125398,0.091399],[0.179963,0.149975,0.113437,0.0909164],[0.169606,0.135819,0.0981774],[0.171618,0.128058,0.0836898],[0.161546,0.11127,0.0821978],[0.145956]};
time = 48.2s
size =  50
thresh = 0.1
set_speed = 0.3
