xte_vel = [0.0433114,0.0405887,0.0355453,0.0315685,0.0257968,0.0307016,0.0360088,0.0425383,0.0400288,0.0453691,0.044161,0.0461917,0.0454628,0.0444977,0.0469566,0.0453178,0.0440482,0.0410949,0.0402166,0.0394444,0.0406761,0.0330475,0.0386398,0.0479024,0.0349146,0.0405087,0.0338345,0.0316386,0.0298604,0.0196607,0.0245186,0.0217239,0.0190108,0.0180517,0.0200056,0.0265713,0.0260544,0.0349805,0.0385789,0.0432657,0.0483325,0.0462636,0.0504882,0.050568,0.0571371,0.054303,0.0524263,0.0495564,0.0478923,0.0515764,0.0530123,0.0560773,0.055259,0.0542091,0.0500193,0.0491235,0.0480103,0.0490076,0.0470292,0.0490136,0.0510462,0.0580173,0.062026,0.065015,0.0660148,0.0728913,0.0739409,0.0814009,0.0823988,0.0880729,0.0899567,0.0916603,0.0903077,0.0807009,0.0725013,0.0721629,0.0732326,0.0785127,0.0768787,0.0820946,0.0821483,0.0806492,0.0807381,0.0749826,0.0692462,0.0610423,0.059295,0.0555858,0.0555235,0.0588399,0.0716004,0.0784604,0.0889605,0.0893901,0.0951192,0.0985103,0.102419,0.113006,0.11643,0.120285,0.115094,0.122244,0.116851,0.117701,0.114927,0.111216,0.107767,0.0987897,0.0993736,0.100169,0.0988985,0.0950271,0.0952895,0.095586,0.0953866,0.0944265,0.088656,0.085112];
time = 39.4s
thresh = 0.3
set_speed = 0.2
