xte_vel = [3.19201,3.11701,3.03703,2.95402,2.87203,2.79202,2.71406,2.64405,2.57104,2.49508,2.41602,2.33701,2.25701,2.177,2.098,2.021,1.945,1.87303,1.80103,1.73003,1.65603,1.57903,1.502,1.43,1.359,1.288,1.21503,1.13901,1.06202,0.985007,0.906044,0.825028,0.745015,0.667005,0.58807,0.513111,0.440147,0.364568,0.288822,0.0459139,0.0612442,0.08244,0.0993577,0.114681,0.11683,0.126958,0.122644,0.111109,0.0998098,0.0759438,0.050372,0.0345159,0.0214882,0.0130469,0.0140503,0.0159466,0.0224542,0.0218821,0.0150224,0.0024458,0.00701687,0.0117218,0.0142151,0.0153792,0.0194306,0.0232411,0.0288168,0.0271403,0.0180477,0.0207284,0.0172313,0.0195406,0.0201959,0.0161106,0.0190019,0.0222283,0.026485,0.0296677,0.029475,0.0396262,0.0377006,0.0450244,0.0468616,0.0569982,0.05783,0.0670023,0.0665376,0.0659131,0.0656093,0.0707078,0.0661198,0.0570741,0.0475966,0.0393307,0.0312918,0.0232995,0.0204635,0.0156663,0.0166848,0.0176773,0.0215512,0.0258486,0.036108,0.0487618,0.0609666,0.0676667,0.0788472,0.0825436,0.0744244,0.0753103,0.0641837,0.0578181,0.0550112,0.0563157,0.0615882,0.0664968,0.0707616,0.0745184,0.0768125,0.0736751,0.0720231,0.0718629,0.0657562,0.0645314];
time = 26s
thresh = 0.5
set_speed = 0.4
