dist_err_vel = {[3.21618,3.21618,3.19818,3.14019,3.07414,3.01408,2.94004,2.88204,2.814,2.749,2.681,2.61403,2.54705,2.48805,2.42318,2.36026,2.2865,2.21684,2.15387,2.08806,2.02456,1.97061,1.9079,1.85033,1.7897,1.73225,1.67591,1.61706,1.55427,1.4885,1.4206,1.3524,1.28282,1.22381,1.1543,1.09176,1.02862,0.960222,0.895609,0.835141,0.762322,0.708248,0.649425,0.596738,0.53852,0.478507,0.427083,0.371546,0.324716,0.267349,0.213654,0.174294],[0.250388,0.225525,0.207296,0.174205],[0.252307,0.204946,0.169622],[0.257767,0.213768,0.168522],[0.251984,0.201144,0.159296],[0.245912,0.207832,0.174579],[0.254335,0.215669,0.158094],[0.239455,0.175777],[0.258639,0.196588],[0.26886,0.220903,0.164296],[0.238528,0.180759],[0.259603,0.214094,0.170829],[0.236826,0.187631],[0.260422,0.202988,0.151744],[0.227223,0.174369],[0.252372,0.207359,0.158513],[0.239818,0.183894],[0.260458,0.210268,0.167589],[0.231611,0.182871],[0.252995,0.205927,0.152294],[0.22604,0.169179],[0.238806,0.185891],[0.247612,0.185712],[0.251474,0.20254,0.146158],[0.22743,0.172964],[0.245399,0.193235],[0.256939,0.193887],[0.269253,0.209565,0.159215],[0.224272,0.172416],[0.242707,0.189802],[0.254871,0.19854],[0.273854,0.226972,0.167919],[0.230766,0.18541],[0.253118,0.203155,0.157361],[0.235769,0.181796],[0.257247,0.211842,0.169815],[0.240604,0.192218],[0.271439,0.222879,0.173269],[0.246472,0.202449,0.141075],[0.213327,0.152506],[0.226526,0.167278],[0.225076,0.169501],[0.247711,0.188158],[0.249258,0.190043],[0.259319,0.207517,0.16167],[0.228374,0.163086],[0.237478,0.173834],[0.241887,0.183047],[0.252613,0.196043],[0.267622]};
time = 33.8s
size =  50
thresh = 0.2
set_speed = 0.3
