dist_err_vel = {[3.20159,3.20159,3.17342,3.07543,2.96271,2.84955,2.73057,2.61659,2.50062,2.38947,2.27762,2.16851,2.05953,1.95447,1.85068,1.74572,1.63601,1.52808,1.41984,1.31399,1.20165,1.09491,0.980885,0.862295,0.751234,0.637802,0.533354,0.428479],[0.333378],[0.302019],[0.337682],[0.425935],[0.513928,0.46536],[0.510829,0.433882],[0.458509],[0.489416],[0.504839,0.406571],[0.426118],[0.457563],[0.498372],[0.543505,0.453552],[0.504471,0.432326],[0.478055],[0.542025,0.463867],[0.522017,0.441816],[0.508185,0.43489],[0.494776],[0.550036,0.482695],[0.528277,0.471129],[0.520556,0.454271],[0.50752,0.442425],[0.504214,0.430239],[0.492317],[0.532139,0.465161],[0.500429,0.426196],[0.46667],[0.520676,0.44929],[0.49885],[0.550243,0.483944],[0.537032,0.464833],[0.519834,0.446389],[0.497889],[0.555399,0.477707],[0.534471,0.457058],[0.517834,0.445452],[0.50051,0.42514],[0.481604],[0.522615,0.456119],[0.508068,0.447894],[0.500704,0.430634],[0.483419],[0.543584,0.463083],[0.524891,0.450956],[0.510602,0.434371],[0.475713],[0.531922,0.451322],[0.496263]};
time = 21.2s
size =  50
thresh = 0.5
set_speed = 0.5
