xte_vel = [0.0781422,0.117351,0.112508,0.0826332,0.0405404,0.0136039,0.0559672,0.103884,0.14271,0.181223,0.218278,0.244913,0.262614,0.276954,0.283216,0.298122,0.28922,0.269829,0.235964,0.200797,0.147608,0.11605,0.0815307,0.06063,0.0521407,0.0562467,0.0726354,0.0971778,0.132747,0.158705,0.184634,0.20658,0.216658,0.232648,0.245005,0.24818,0.255691,0.255291,0.260384,0.246977,0.238751,0.230248,0.219942,0.210005,0.202754,0.207003,0.215119,0.216409,0.233147,0.252338,0.27649,0.282362,0.287973,0.282031,0.294257,0.294079,0.291245,0.266755,0.233159,0.204317,0.167463,0.135957,0.112043,0.105547,0.103048];
time = 19.6s
thresh = 0.3
set_speed = 0.5
