xte_vel = [0.0542169,0.0532654,0.0935499,0.112519,0.122823,0.118887,0.124133,0.116523,0.11328,0.0988001,0.0736623,0.0538679,0.0526372,0.0516091,0.0411003,0.0270082,0.0301525,0.0596461,0.0940027,0.127299,0.148308,0.166929,0.175699,0.170826,0.151135,0.130976,0.0952268,0.0510283,0.0247509,0.0170502,0.0146928,0.00254629,0.0265551,0.059566,0.105814,0.147569,0.17218,0.192574,0.209235,0.206358,0.186363,0.156411,0.119556,0.0666854,0.0232089,0.0637069,0.129789,0.186685,0.238301,0.275393,0.29561,0.289683,0.264581,0.217872,0.156129,0.0923553,0.0322219,0.0715989,0.132625,0.183214,0.214904,0.23851,0.24493,0.243047,0.222142,0.187574,0.141636,0.0923153,0.0402576,0.0574552,0.117506,0.175485,0.207773,0.224041,0.219385,0.184255,0.136358,0.0808558,0.0274965,0.0591188,0.114047,0.156554,0.193619,0.214821,0.220368,0.20558,0.191019,0.158603,0.11505,0.0558918,0.0114733,0.0718476,0.139553,0.193035,0.217076,0.218244,0.201951,0.173876,0.131652,0.0752053,0.0189594,0.0573769,0.121508,0.175683,0.209245,0.229136,0.240854,0.224604,0.198977,0.15954,0.111641,0.0496033,0.0297958,0.0869308,0.160978,0.212787,0.235721,0.250287,0.240801,0.205441,0.156753,0.0980888,0.0240128,0.0425879,0.105241,0.157069,0.200438,0.220421,0.227216,0.219487,0.193766,0.159774,0.121827,0.0598054,0.00765415,0.067913,0.125451,0.174586,0.213723,0.223452,0.224575,0.197709,0.156132,0.108028,0.0484214,0.0452051,0.101378,0.139301,0.172671,0.204958,0.224975,0.226085,0.222466,0.213701,0.187581,0.147872,0.0921597,0.0408516,0.0546913,0.112963,0.170557,0.212781,0.24643,0.254077,0.229595,0.191164,0.142935,0.0913793,0.0619317,0.0753941,0.117991,0.153858,0.187992,0.212342,0.233034,0.228137,0.211015,0.193546,0.148869,0.100331,0.0629861,0.0588092,0.096057,0.138358,0.177605,0.188803,0.196049,0.170181,0.124054,0.0717409,0.0301979,0.0518008,0.0992679,0.145461,0.186201,0.211736,0.240022,0.266491,0.267559,0.258785,0.225486,0.184462,0.134163,0.0771828,0.0284671,0.0664607,0.115705,0.163681,0.197414,0.211597,0.198925,0.170822,0.120688,0.0651891,0.00759636,0.0658613,0.132674,0.182098,0.230058,0.252251,0.260892,0.243585,0.224299,0.180536,0.140608,0.0881999,0.0285045,0.0393166,0.104415,0.165653,0.203651,0.234708,0.237487,0.209881,0.172538,0.126115,0.0590465,0.010735,0.0607894,0.118023,0.156445,0.181262,0.200599,0.212037,0.199241,0.186418,0.15132,0.114786,0.0570492,0.009665,0.0367182,0.0741734,0.0859625,0.0752791,0.0518684,0.0287436,0.0634847,0.111403,0.157995,0.189125,0.198394,0.200629,0.188647,0.160625,0.124358,0.0791774];
time = 60.4s
thresh = 0.2
set_speed = 0.5
