xte_vel = [0.167657,0.160547,0.154405,0.149257,0.140354,0.12682,0.116587,0.111224,0.104112,0.0957475,0.0909792,0.0909709,0.087289,0.0857749,0.0851939,0.0794069,0.07803,0.0804738,0.0764594,0.0716624,0.0657454,0.067789,0.0662458,0.0605851,0.0556161,0.0541129,0.0551586,0.0529218,0.0539198,0.0559509,0.0554204,0.058521,0.0633545,0.0660422,0.0683755,0.0691794,0.067533,0.078092,0.0825234,0.0920415,0.0988673,0.101751,0.109572,0.116174,0.122733,0.136767,0.139599,0.143351,0.151295,0.151921,0.157073,0.165441,0.167032,0.176767,0.183025,0.188407,0.197037,0.203922,0.219921,0.227487,0.235578,0.242884,0.243741,0.249712,0.254851,0.261655,0.266334,0.276818,0.295306,0.302916,0.308092,0.30804,0.310533,0.308522,0.302677,0.297446,0.295702,0.294139,0.292041,0.288515,0.293295,0.295327,0.29971,0.295494,0.294449,0.292045,0.294372,0.292343,0.294287,0.301955,0.301084,0.296559,0.298834,0.297876,0.292254,0.279967,0.274846,0.270561,0.267352,0.272444,0.270118,0.270092,0.263536,0.260447,0.252766,0.249821,0.244571,0.233354,0.217391,0.21388,0.216317,0.212615,0.207785,0.201309,0.197594,0.191183,0.182836,0.179021,0.171332,0.168276,0.164974,0.165581,0.156324,0.149216,0.146422,0.137628,0.135493,0.127332,0.123568,0.119074,0.121074,0.114558,0.10772,0.1056,0.0956194,0.0916628,0.0816696,0.0739229,0.0705163,0.0671643,0.0630421,0.0598153,0.0599398,0.0556549,0.0603654,0.0560319,0.0511037,0.0514221,0.052542,0.0420481,0.0381952,0.0443727,0.0477484,0.0426912,0.0422336,0.0376053,0.0378958,0.0231487,0.0291503,0.0227617,0.0168553,0.0197285,0.0162631,0.0123609,0.00933394,0.00691146,0.00774361,0.00328353];
time = 48s
thresh = 0.5
set_speed = 0.2
