dist_err_vel = {[3.2371,3.2371,3.2211,3.14808,3.07708,2.99609,2.92109,2.83709,2.75711,2.67916,2.60717,2.52717,2.45118,2.3691,2.29519,2.21119,2.1372,2.05721,1.98522,1.90823,1.8434,1.76942,1.70237,1.63665,1.56203,1.49108,1.41414,1.34067,1.26277,1.19687,1.12304,1.05304,0.983432,0.915687,0.839026,0.767912,0.689589,0.629677,0.559652,0.50118,0.432022,0.368036,0.29943],[0.235025],[0.25986],[0.352926,0.354311,0.353936,0.320698,0.290186],[0.363604,0.324066,0.285717],[0.378686,0.333275,0.30412,0.273255],[0.34162,0.299795],[0.354452,0.30672,0.268226],[0.300091,0.247601],[0.279671],[0.30564,0.234306],[0.249308],[0.260411],[0.294116],[0.320268,0.23432],[0.26196],[0.291924],[0.332373,0.257039],[0.291016],[0.333899,0.257004],[0.311569,0.243824],[0.285679],[0.330068,0.268589],[0.301513,0.245719],[0.271766],[0.296841],[0.321457,0.24798],[0.262431],[0.298622],[0.314831,0.240645],[0.254731],[0.283621],[0.297882],[0.339379,0.247011],[0.283657],[0.298021],[0.332756,0.244208],[0.273052],[0.291094],[0.320028,0.245128],[0.270866],[0.289197],[0.308127,0.245618],[0.262989],[0.287736],[0.305356,0.245532],[0.272277],[0.290916],[0.325896,0.283776],[0.287238]};
time = 23.8s
size =  50
thresh = 0.3
set_speed = 0.4
