dist_err_vel = {[3.17982,3.17982,3.16882,3.12482,3.07501,3.02403,2.97349,2.92604,2.88036,2.83806,2.79548,2.75433,2.71284,2.6699,2.62951,2.59016,2.55146,2.5123,2.47412,2.4371,2.39703,2.35543,2.31742,2.28246,2.24967,2.21586,2.17945,2.14083,2.09931,2.0569,2.01893,1.9834,1.94911,1.91216,1.87212,1.82985,1.79196,1.75322,1.71211,1.67104,1.63295,1.59588,1.56274,1.53062,1.49403,1.4568,1.41913,1.38619,1.34951,1.31091,1.27328,1.23693,1.20315,1.16952,1.13671,1.1024,1.07155,1.03809,1.00373,0.968115,0.932963,0.899866,0.870088,0.839105,0.801354,0.760772,0.718474,0.679821,0.64351,0.604864,0.57085,0.535793,0.500247,0.46566,0.42689,0.390914],[0.325633],[0.31092],[0.354734],[0.432682,0.417405,0.385279],[0.484032,0.453283,0.419843,0.387653],[0.483273,0.44462,0.415312,0.381468],[0.475888,0.443086,0.411012,0.373364],[0.464212,0.414624,0.377345],[0.468216,0.424448,0.3807],[0.462474,0.42401,0.38579],[0.464286,0.425937,0.386843],[0.466806,0.426491,0.387377],[0.458321,0.424523,0.397798],[0.465467,0.432182,0.399432],[0.460544,0.436833,0.402204,0.36811],[0.431836,0.39573],[0.458465,0.423289,0.393592],[0.446482,0.41691,0.387795],[0.43886,0.407732,0.368961],[0.427072,0.385463],[0.436029,0.393054],[0.453011,0.409464,0.359738],[0.414723,0.369586],[0.429414,0.381056],[0.45258,0.400495,0.35118],[0.411871,0.365428],[0.427704,0.382884],[0.449048,0.396589],[0.465462,0.412998,0.368889],[0.4384,0.394887],[0.463251,0.408952,0.359853],[0.429019,0.376676],[0.449979,0.392706],[0.461172,0.399026],[0.463536,0.40416,0.342846],[0.409096,0.352397],[0.41352,0.358635],[0.424315,0.372398],[0.433327,0.375927],[0.447576,0.386888],[0.459238,0.400343,0.34833],[0.414598,0.355408],[0.424746,0.367821],[0.436873,0.378914],[0.454506,0.393281],[0.471067,0.412162,0.367744],[0.433677,0.382763],[0.449642,0.390856],[0.460069]};
time = 39s
size =  50
thresh = 0.4
set_speed = 0.2
