dist_err_vel = {[3.17802,3.17802,3.16002,3.10102,3.02902,2.95902,2.88402,2.81402,2.74409,2.67909,2.61509,2.5511,2.4891,2.42117,2.35418,2.28828,2.22429,2.16143,2.09845,2.03972,1.97874,1.91514,1.85817,1.79821,1.73725,1.6753,1.61216,1.55121,1.48999,1.43202,1.36907,1.30712,1.24917,1.19223,1.1323,1.06705,1.00412,0.94269,0.881737,0.816514,0.750328,0.685189,0.625409,0.563454,0.502504,0.438578],[0.40394],[0.416303],[0.472618],[0.549539,0.514056,0.471766],[0.550223,0.500472,0.453808],[0.511295,0.453525],[0.511537,0.44207],[0.502502,0.444805],[0.504319,0.444519],[0.503173,0.441552],[0.500335,0.44878],[0.521061,0.467029],[0.536296,0.481454],[0.556058,0.505549,0.456601],[0.535234,0.490646],[0.572674,0.524201,0.469889],[0.552609,0.507874,0.469478],[0.547221,0.504312,0.462065],[0.554171,0.506112,0.472481],[0.549771,0.517694,0.477586],[0.569091,0.534165,0.503701,0.459843],[0.545781,0.5057,0.475305],[0.547213,0.518382,0.466145],[0.552199,0.513732,0.46573],[0.54241,0.497987],[0.575862,0.531502,0.47592],[0.553076,0.508589,0.464092],[0.539661,0.485366],[0.550239,0.506648,0.452707],[0.517826,0.463004],[0.530429,0.487916],[0.555245,0.501787,0.452946],[0.52127,0.474795],[0.547855,0.503899,0.4479],[0.523337,0.47462],[0.551174,0.497376],[0.576367,0.525373,0.47742],[0.555083,0.516865,0.471797],[0.553741,0.50337,0.461645],[0.537648,0.487608],[0.561704,0.528372,0.480166],[0.571595,0.527016,0.494817],[0.568747,0.538141,0.503472,0.45578],[0.544937,0.497435],[0.580305,0.534653,0.494696],[0.579463,0.536314,0.492963],[0.578872,0.533494,0.491298],[0.564707,0.52592,0.47775],[0.566986]};
time = 33.6s
size =  50
thresh = 0.5
set_speed = 0.3
