xte_vel = [0.0146017,0.00931211,0.0259128,0.0497644,0.0779474,0.0968389,0.11902,0.134038,0.151476,0.164715,0.173446,0.172623,0.181402,0.178888,0.181292,0.17725,0.178759,0.170714,0.164205,0.153255,0.141978,0.135163,0.138205,0.136786,0.129735,0.133879,0.133048,0.136266,0.143619,0.139686,0.143141,0.156581,0.149744,0.158592,0.15754,0.153917,0.148437,0.149495,0.139702,0.135861,0.136985,0.129039,0.125664,0.127094,0.127583,0.125988,0.131995,0.131518,0.135496,0.132794,0.13057,0.126323,0.123923,0.115688,0.112627,0.104071,0.0993665,0.104816,0.104815,0.101887,0.110818,0.114086,0.125643,0.125315,0.131621,0.131438,0.142252,0.150679,0.147825,0.142541,0.136672,0.126316,0.120731,0.122586];
time = 23.2s
thresh = 0.4
set_speed = 0.4
