dist_err_carrot = {[2.474,2.474,2.342,2.24903,2.19906,2.16028,2.11568,2.06707,2.02351,1.97509,1.9278,1.87664,1.83062,1.78275,1.74052,1.69174,1.64631,1.59721,1.55118,1.50151,1.45491,1.40648,1.36275,1.32054,1.27068,1.22438,1.1704,1.11845,1.06359,1.01378,0.958322,0.900774,0.843233,0.786493,0.729931,0.677288,0.620749,0.565205,0.508569,0.455018,0.401538,0.348127,0.292074,0.238018,0.182944,0.125916,0.068565,0.0290175,0.0296938,0.0488747,0.0849409,0.0484657,0.0575857,0.0907447,0.0587462,0.0514935,0.0850122,0.0465876,0.0369543,0.0877978,0.0223123,0.0539935,0.111685,0.0308081,0.0795088,0.00767213,0.0566962,0.113779,0.0350928,0.0930987,0.00624137,0.0540453,0.110034,0.0260656,0.0840961,0.0286653,0.0543473,0.103454,0.0382122,0.0805743,0.0266075,0.0450705,0.11,0.0381961,0.0911046,0.0400815,0.072222,0.121881,0.0556055,0.0888887,0.0234904,0.0429328,0.092394,0.0101028,0.0459687,0.0866919,0.0190313,0.0404842,0.0927804,0.0191056,0.048426,0.10114,0.0267363,0.0703845,0.123719,0.0424168,0.0836036,0.0167061,0.0405655,0.082409,0.0214266,0.0333293,0.0842178,0.0171476,0.0517082,0.100564,0.01122,0.0498385,0.100594,0.0058292,0.0447845,0.0902782,0.0194704,0.0492175,0.100715,0.033802,0.0672855,0.116969,0.0417449,0.0730315,0.122363,0.0303755,0.0749221,0.0214151,0.0400517,0.09598,0.0155052,0.0492382,0.106505,0.0200751,0.0676384,0.120137,0.0418641,0.0803705,0.0228091,0.0436836,0.0916017,0.020682,0.0543153,0.108538,0.0233247,0.0742006,0.0106951,0.0480977,0.111735,0.0341713,0.0928823,0.0198823,0.0736911,0.023766,0.0591872,0.111508,0.0409374,0.0830481,0.0302606,0.0442923,0.0977404,0.0332063,0.068844,0.124088,0.0413056,0.0978941,0.018505,0.0713373,0.0126584,0.0515812,0.113129,0.0335766]};
time = 35.4s
size =  50
set_speed = 0.3
