dist_err_carrot = {[2.29944,2.29944,2.16185,2.04422,1.94217,1.84031,1.73756,1.63804,1.53837,1.43874,1.34137,1.24846,1.15686,1.06638,0.981678,0.902502,0.831407,0.762817,0.703329,0.644415,0.591027,0.543473,0.506249,0.462614,0.431275,0.393305,0.352255,0.297222,0.240498,0.188512,0.144587,0.103867,0.0932013,0.126053,0.087027,0.132007,0.0699009,0.152426,0.113312,0.107318,0.145334,0.125778,0.127724,0.156981,0.0883328,0.113623,0.0523168,0.135217,0.130498,0.183397,0.146201,0.139771,0.071286,0.0603541,0.138275,0.118737,0.131994,0.198837,0.177263,0.155882,0.163491,0.113483,0.109117,0.0381496,0.0745591,0.157549,0.131159,0.135015,0.163853,0.132315,0.15481,0.103065,0.160724,0.116759,0.109832,0.207371,0.208069,0.188572,0.198523,0.1306,0.122209,0.0336363,0.0946398,0.0780522,0.166405,0.160456,0.210103,0.157409,0.174732,0.0876074,0.132607,0.104684,0.202351,0.20067,0.194443,0.177891,0.172048,0.125686,0.0991573,0.12414,0.0531575,0.129598,0.153923,0.208249,0.195697,0.223523,0.165329,0.172672,0.0950668,0.13942,0.0912892,0.111045,0.186609,0.190117,0.224381,0.166011,0.110932,0.087311,0.132771,0.0804926,0.171378,0.159195,0.172556]};
time = 24.4s
size =  50
set_speed = 0.5
