xte_carrot = [0.0669931,0.0663158,0.0866309,0.0830283,0.0587474,0.0261149,0.0554979,0.108023,0.153015,0.186495,0.195658,0.193955,0.182783,0.163781,0.136498,0.106895,0.0724032,0.0382604,0.0119154,0.0239605,0.0380802,0.0377143,0.0329391,0.0187109,0.0183715,0.041023,0.0682226,0.0919986,0.105325,0.125001,0.12259,0.114074,0.0986504,0.0695366,0.0406789,0.0247137,0.025187,0.039402,0.0494455,0.0510594,0.0380216,0.0170219,0.0181897,0.0513885,0.0763763,0.105954,0.123744,0.130521,0.119598,0.100898,0.0768843,0.0498326,0.0211829,0.0203999,0.0426778,0.0611332,0.0601423,0.0455142,0.0302818,0.00409216,0.0381804,0.0724298,0.0989799,0.119282,0.134244,0.130758,0.125626,0.103066,0.0736418,0.0407432,0.0199087,0.0271951,0.0418788,0.0590986,0.0594444,0.0468624,0.0274604,0.00197594,0.0383929,0.0632627,0.0946123,0.115876,0.116323,0.110303,0.0817564,0.0603129,0.0380782,0.0144617,0.0260654,0.0482894,0.0652598,0.06397,0.0522832,0.0352165,0.0193794,0.046768,0.0766305,0.10113,0.121176,0.128881,0.136624,0.121153,0.104346,0.0803768,0.0547445,0.0315353,0.0202455,0.0276239];
time = 29.6s
set_speed = 0.4
