dist_err_carrot = {[3.11937,3.11937,3.09934,3.02033,2.92534,2.83055,2.73384,2.63292,2.54526,2.45038,2.34894,2.26214,2.17405,2.08241,1.98816,1.89464,1.79893,1.70802,1.61787,1.53085,1.44361,1.35708,1.26869,1.18286,1.09948,1.01562,0.93142,0.847593,0.753438,0.671941,0.585202,0.50018,0.420885,0.340632,0.268491,0.200859,0.141638,0.0948824,0.0937811,0.0988468,0.100502,0.122859,0.0727374,0.124044,0.0863392,0.10301,0.0340194,0.0935879,0.108023,0.16542,0.228561,0.20027,0.218708,0.182834,0.173889,0.172223,0.108016,0.097339,0.0405875,0.0372389,0.0920037,0.0450686,0.0961698,0.0394167,0.0899224,0.0252898,0.0838992,0.0682226,0.105571,0.159169,0.132231,0.156367,0.115447,0.125703,0.0695505,0.0678447,0.109638,0.0521399,0.108403,0.0643956,0.121547,0.0624516,0.103689,0.0473442,0.110352,0.078527,0.128809,0.123744,0.140908,0.169848,0.109206,0.129652,0.0586458,0.0858168,0.0282862,0.0962829,0.0692718,0.116443,0.0630479,0.102003,0.0325142,0.0963172,0.0731382,0.12239,0.119282,0.144087,0.171235,0.129035,0.131833,0.0736513,0.0642563,0.105732,0.0472829,0.0989359,0.0647408,0.10271,0.0524614,0.0812776,0.0117195,0.0740903,0.136416,0.102194,0.152868,0.116347,0.127314,0.144695,0.0767235,0.106077,0.0282898,0.086219,0.0514242,0.102016,0.0695453,0.0983909,0.0412688,0.0816236,0.0495944,0.105552,0.10113,0.136232,0.17618,0.142991,0.16287,0.108912,0.114529,0.0553089,0.0673971,0.134622,0.0659557]};
time = 29.6s
size =  50
set_speed = 0.4
