dist_err_carrot = {[3.29941,3.29941,3.28341,3.19437,3.08644,2.98345,2.88374,2.77977,2.67905,2.5814,2.47783,2.37603,2.27313,2.16723,2.0685,1.96464,1.86078,1.75695,1.65413,1.54835,1.44159,1.33488,1.22879,1.12414,1.02023,0.91727,0.818776,0.720454,0.619892,0.515864,0.424056,0.328721,0.239629,0.151151,0.0922036,0.0937564,0.128844,0.118102,0.0792649,0.100794,0.113469,0.167104,0.205681,0.137993,0.0536965,0.0843101,0.0977288,0.138558,0.187056,0.161374,0.164821,0.182715,0.199856,0.131437,0.123834,0.0669014,0.113384,0.0962144,0.115267,0.0861041,0.125116,0.085346,0.127306,0.0652588,0.140908,0.144782,0.200079,0.169786,0.175102,0.110705,0.110395,0.059914,0.0756338,0.148293,0.113185,0.107956,0.167452,0.11839,0.03901,0.103119,0.0931987,0.165513,0.169342,0.197759,0.17458,0.190391,0.141771,0.142327,0.0602927,0.0920777,0.0535337,0.135964,0.113503,0.0882192,0.127175,0.067794,0.144158,0.11143,0.124898,0.183657,0.242059,0.216745,0.225436,0.166625,0.15006,0.0862232,0.0666465,0.121263,0.088563,0.165827,0.146472,0.110849,0.130914,0.0541477,0.128561,0.118626,0.209217,0.224099,0.265309,0.244694,0.23678,0.237616,0.17271,0.131065,0.0641201,0.0301789,0.0876125,0.0863988,0.13795,0.120167,0.148293,0.0891468,0.0212381,0.104886,0.141666]};
time = 26.8s
size =  50
set_speed = 0.5
