xte_pos = [2.11567,2.11567,2.00682,1.90327,1.75784,1.58295,1.40408,1.23074,1.06045,0.895285,0.746911,0.619623,0.536247,0.471532,0.426072,0.3924,0.35365,0.31017,0.2704,0.231586,0.194777,0.162656,0.146299,0.143051,0.155361,0.17159,0.182678,0.193713,0.196199,0.205664,0.208357,0.217545,0.219629,0.218944,0.213782,0.208933,0.204419,0.19538,0.190393,0.182432,0.176014,0.169412,0.168083,0.159937,0.164048,0.162348,0.156903,0.14354,0.140425,0.144342,0.13055,0.139314,0.143974,0.135885,0.128541,0.115937,0.108328,0.0966637,0.092872,0.085384,0.0784456,0.0748697,0.0640241,0.0598709,0.055469,0.0515166,0.050969,0.0495253,0.055629,0.0650695,0.0657679,0.064953,0.0673765,0.0645489,0.0615856,0.0640843,0.0612618,0.0552457,0.0579726,0.0618893,0.068959,0.0729026,0.0745376,0.0788264,0.077071,0.0736968,0.0748099,0.0798159,0.0893309,0.0923317,0.0932619,0.0962035,0.107231,0.112003,0.114272,0.114936,0.119738,0.123043,0.127093,0.129399,0.126411,0.119879,0.120966,0.107921,0.105101,0.104913,0.0997256,0.101749,0.106286,0.106703,0.1124,0.112392,0.117255,0.115197,0.119137,0.119762,0.11692,0.119562,0.121318,0.127545,0.130148,0.12555,0.121098,0.116712,0.109964,0.104089,0.110474,0.107685,0.106232,0.107944,0.107462,0.10294,0.103346,0.0983864,0.10086,0.105793,0.103067,0.100424,0.102377,0.102252,0.103257,0.105206,0.104775,0.103013,0.107258,0.110143,0.112479,0.121817,0.123531,0.130423,0.129359,0.126515,0.131084,0.131425,0.124204,0.119407,0.122296,0.111998,0.0975422,0.0957461,0.0932299,0.0900165,0.0884742,0.0899631,0.0958961,0.0883122,0.0882897,0.090572,0.0861458,0.085029,0.0902036,0.0908562,0.103217,0.103055,0.101003];
time = 34.8s
