thresh = 0.5m
rmse_pos = {[2.47395,2.47395,2.34032,2.20976,2.05155,1.8697,1.68163,1.49465,1.30788,1.1252,0.941537,0.792775,0.677127,0.59217,0.527288,0.474324],[0.341522],[0.268322],[0.283266],[0.354107],[0.438413],[0.511232,0.466644],[0.526749,0.45872],[0.500337,0.426036],[0.472887],[0.523097,0.437878],[0.487503],[0.535176,0.456392],[0.502825,0.412327],[0.448994],[0.49766],[0.542415,0.461525],[0.50335,0.420761],[0.459445],[0.504967,0.416229],[0.459642],[0.514047,0.427989],[0.467312],[0.512523,0.434159],[0.481484],[0.532496,0.449816],[0.494406],[0.541966,0.459056],[0.499785],[0.543873,0.457518],[0.501099,0.412573],[0.459704],[0.508537,0.418655],[0.473325],[0.52181,0.4326],[0.475601],[0.525531,0.431071],[0.477685],[0.535474,0.447998],[0.493928],[0.541379,0.44705],[0.484036],[0.527611,0.42796],[0.474698],[0.51945,0.424867],[0.469006],[0.512332,0.418755],[0.465082],[0.513847,0.419742],[0.464808]};
time = 17.6s
size =  50
thresh = 0.5
