dist_err_pos = {[2.9324,2.9324,2.87346,2.6755,2.43764,2.19761,1.95097,1.7101,1.46475,1.22709,0.984609,0.755181,0.56228,0.419751,0.307887,0.225246,0.157546],[0.198819],[0.30439,0.289579,0.267319,0.234805,0.203976,0.173675],[0.269929,0.24038,0.211815,0.18295],[0.272768,0.242018,0.22247,0.189727],[0.278751,0.25679,0.22012,0.194514],[0.272574,0.248394,0.219578,0.18271],[0.271014,0.233969,0.204153,0.1736],[0.24936,0.220228,0.184589],[0.271144,0.242043,0.207407,0.175867],[0.259966,0.229383,0.196],[0.276153,0.246794,0.213598,0.179366],[0.252546,0.216557,0.180968],[0.260961,0.226312,0.19829],[0.277208,0.248372,0.213879,0.179749],[0.265311,0.228503,0.204064,0.182511],[0.268747,0.245211,0.215632,0.185397],[0.272173,0.243139,0.214163,0.182561],[0.269491,0.246738,0.220557,0.18726],[0.27735,0.242885,0.214337,0.180564],[0.269063,0.239369,0.211665,0.174732],[0.260811,0.224733,0.197176],[0.281586,0.246606,0.211408,0.17818],[0.260757,0.23666,0.201587,0.178089],[0.262566,0.240397,0.206147,0.174977],[0.263136,0.241022,0.208059,0.174624],[0.265741,0.233512,0.202691,0.170667],[0.263295,0.231868,0.208545,0.175375],[0.266852,0.233473,0.199947],[0.288861,0.251825,0.214921,0.168247],[0.259209,0.223201,0.187594],[0.280071,0.258834,0.224895,0.186392],[0.28862,0.256552,0.225324,0.182252],[0.27959,0.242484,0.212501,0.176049],[0.267895,0.23587,0.207405,0.175557],[0.261104,0.236622,0.195436],[0.291856,0.251956,0.213611,0.175843],[0.266377,0.22955,0.192071],[0.282727,0.245316,0.208014,0.163557],[0.255011,0.218744,0.183075],[0.276134,0.237194,0.203518,0.171289],[0.267213,0.236353,0.205942,0.176167],[0.273315,0.243928,0.215361,0.183665],[0.282305,0.260247,0.229203,0.204595,0.174807],[0.278861,0.258973,0.232574,0.201004,0.175397],[0.271028,0.24506,0.219398,0.194048],[0.284301,0.258658,0.235464,0.212276,0.18796],[0.281296,0.267442,0.233917,0.209546,0.185454],[0.277491,0.254225,0.230995,0.197618],[0.290767]};
time = 40.4s
size =  50
thresh = 0.2
