xte_pos = [0.149619,0.138441,0.14225,0.145551,0.141002,0.140826,0.135434,0.132903,0.132994,0.113102,0.114212,0.0961354,0.0968888,0.0864771,0.0869846,0.0809953,0.0762762,0.0715713,0.0775425,0.0804267,0.087685,0.075809,0.090457,0.101223,0.0962799,0.101775,0.0909706,0.102143,0.0969182,0.0911973,0.0803538,0.0896625,0.0856259,0.0775496,0.0755461,0.072235,0.0779402,0.0689671,0.0702944,0.0596427,0.0510345,0.0481254,0.0504563,0.0512931,0.0487954,0.0510445,0.0452319,0.0463682,0.0441655,0.0410091,0.0393265,0.0420195,0.0408169,0.0467877,0.0484286,0.0537419,0.0612164,0.0666024,0.0708428,0.0848965,0.0816907,0.101829,0.0974127,0.100329,0.101607,0.102978,0.0999924,0.102332,0.0987424,0.0984689,0.0892269,0.0946276,0.0884289,0.0870267,0.0870489,0.0824892,0.076562,0.0745893,0.0759157,0.0710266,0.06815,0.0636599,0.0562139,0.0595905,0.0541368,0.0519756,0.0495792,0.0487931,0.0524814,0.0563353,0.0511253,0.0626474,0.0654221,0.0593667,0.0704229,0.0704369,0.0761034,0.0782441,0.0834729,0.0806089,0.0817736,0.0821905,0.0863664,0.088296,0.0900945,0.0899241,0.099881,0.093262,0.0981421,0.0912124,0.100055,0.113828,0.114478];
time = 26.8s
thresh = 0.3
