dist_err_pos = {[3.00821,3.00821,2.97121,2.7802,2.5661,2.35111,2.13615,1.94316,1.70515,1.49517,1.2862,1.10123,0.878288,0.712356,0.56345,0.438578],[0.379409],[0.396247],[0.449222],[0.521539,0.478998],[0.534976,0.464808],[0.512355,0.418961],[0.466443],[0.505098,0.422581],[0.464986],[0.504799,0.431196],[0.481541],[0.52654,0.456024],[0.50199,0.426311],[0.478394],[0.525677,0.447585],[0.495112],[0.54066,0.461848],[0.517596,0.437251],[0.484541],[0.532947,0.449401],[0.499597],[0.54284,0.465926],[0.510398,0.432763],[0.48343],[0.526224,0.456943],[0.504322,0.416076],[0.45541],[0.51741,0.434278],[0.488243],[0.537814,0.45338],[0.511638,0.423457],[0.468313],[0.52208,0.446904],[0.50187,0.426146],[0.489069],[0.541236,0.474368],[0.523925,0.455047],[0.509185,0.436978],[0.500362,0.429958],[0.500431,0.429841],[0.489377],[0.539339,0.47655],[0.523756,0.4519],[0.507756,0.434159],[0.49766],[0.553668,0.488515],[0.531629,0.462486],[0.523355,0.435978],[0.490035]};
time = 19s
size =  50
thresh = 0.5
