dist_err_pos = {[2.96002,2.96002,2.919,2.73402,2.50803,2.27103,2.03903,1.80904,1.58404,1.36705,1.14906,0.931131,0.730422,0.565545,0.431972,0.335253],[0.281211],[0.308567],[0.377059],[0.458993,0.421789,0.360914],[0.423877,0.366388],[0.430382,0.357477],[0.410012,0.346839],[0.393772],[0.45077,0.386277],[0.429644,0.361811],[0.406672,0.334409],[0.393127],[0.45365,0.383303],[0.442266,0.376809],[0.439272,0.362202],[0.422043,0.352476],[0.421087,0.35714],[0.416383,0.362169],[0.423013,0.365233],[0.425109,0.362332],[0.424529,0.363681],[0.421835,0.355904],[0.418358,0.356363],[0.422563,0.363744],[0.421089,0.353613],[0.425013,0.359372],[0.421137,0.357134],[0.422279,0.349396],[0.413607,0.348019],[0.411467,0.344695],[0.402514,0.34201],[0.397123],[0.460614,0.393036],[0.459279,0.381569],[0.436617,0.365859],[0.426776,0.360518],[0.418617,0.350045],[0.411951,0.341041],[0.405686,0.344678],[0.414241,0.35386],[0.424067,0.368169],[0.436153,0.376675],[0.446427,0.386391],[0.450584,0.396955],[0.458873,0.393738],[0.451441,0.395138],[0.454192,0.389184],[0.452824,0.392006],[0.448114]};
time = 21.4s
size =  50
thresh = 0.4
