xte_carrot = [0.0981558,0.0474556,0.0323612,0.0761503,0.107383,0.11032,0.116353,0.138953,0.176367,0.177586,0.169231,0.135739,0.103761,0.0736937,0.0544849,0.0330599,0.0333615,0.0573196,0.0889466,0.0940969,0.0799521,0.0479192,0.0206989,0.0295789,0.0461542,0.0467839,0.029409,0.0352557,0.0618399,0.0848277,0.121675,0.157374,0.190216,0.212277,0.218948,0.21143,0.196078,0.16905,0.139845,0.111432,0.0676705,0.0481461,0.033039,0.0371244,0.0575231,0.0746475,0.112705,0.137253,0.159023,0.165259,0.161167,0.142479,0.125949,0.105521,0.0791498,0.0562901,0.0329314,0.0171526,0.0235308,0.0435938,0.0527783,0.0534837,0.0592661,0.0601085,0.0666426,0.0748168,0.0950833,0.10461,0.123423,0.125879,0.13276,0.126714,0.126186,0.124578,0.120954,0.105927];
time = 21.8s
set_speed = 0.5
