xte_carrot = [0.046679,0.029169,0.0375133,0.0503063,0.0620655,0.0747694,0.0986257,0.116518,0.12473,0.126143,0.118812,0.105671,0.0913634,0.0714337,0.0597904,0.0399859,0.0222665,0.00715354,0.011159,0.0114347,0.00600073,0.00492814,0.0183803,0.0202167,0.0176559,0.00525456,0.0125039,0.0277801,0.0397622,0.0485483,0.0664561,0.0806171,0.100554,0.107625,0.104518,0.101965,0.0927897,0.0817039,0.0685935,0.0504581,0.0449413,0.0449021,0.0553225,0.0709744,0.0936197,0.107422,0.12911,0.133673,0.152479,0.164254,0.163421,0.164063,0.155141,0.139365,0.125844,0.11737,0.101809,0.0864876,0.0781105,0.0756872,0.0693072,0.0682314,0.0580832,0.0460722,0.0287917,0.0214919,0.0080039,0.0129695,0.0290523,0.036703,0.0417756,0.0521262,0.060805,0.0587429,0.0600224,0.0590453,0.0750933,0.076261,0.0912566,0.10134,0.10749,0.111985,0.120592,0.112156];
time = 24.8s
set_speed = 0.4
