xte_carrot = [2.26893,2.23873,2.20782,2.1731,2.13622,2.10035,2.06547,2.03658,2.00171,1.96884,1.93398,1.90212,1.87025,1.84138,1.80854,1.77968,1.74684,1.71302,1.67721,1.64141,1.60562,1.5706,1.53301,1.49723,1.46163,1.42783,1.3948,1.365,0.0234571,0.029295,0.032288,0.0360794,0.0345483,0.033431,0.0320645,0.0367197,0.0369127,0.0369468,0.0372431,0.0321935,0.029191,0.0382433,0.0248579,0.0324051,0.0301738,0.0283508,0.0291277,0.0256409,0.0294741,0.024807,0.023187,0.0270226,0.0290229,0.0301692,0.0300869,0.0281177,0.0262217,0.0338635,0.0331221,0.0401069,0.049049,0.0480106,0.04997,0.0466406,0.0481946,0.0478647,0.0403413,0.0448368,0.036697,0.0289088,0.0220349,0.0196327,0.0185486,0.0163813,0.0126764,0.00688686,0.00427048,0.0137961,0.0144304,0.0178965,0.0192772,0.0101041,0.00414902,0.00462376,0.0099651,0.00892817,0.0118532,0.0179069,0.027784,0.0350012,0.0557252,0.0538292,0.0615914,0.0612633,0.0686071,0.0744185,0.0830417,0.0917406,0.0896492,0.09347,0.0934111,0.0859373,0.0824594,0.0878082,0.0936247,0.0939387,0.0878244,0.100514,0.099325,0.0922539,0.075381,0.0748994,0.0600141,0.056162,0.0529352,0.0439215,0.040503,0.0358674,0.0317497,0.0273192,0.0225506,0.020114,0.0192657,0.0196597,0.0247333,0.0258368,0.0246499,0.0141521,0.0119609,0.0100477,0.0136591,0.0121333,0.0146666,0.0171764,0.0169052,0.0244148,0.0247144,0.025292,0.0277979,0.0355903,0.0354173,0.0425498,0.0368735,0.0314867,0.0394252,0.0348949,0.0358472,0.0317517,0.0297248,0.032564,0.0318097,0.0331227,0.0258513,0.0330663,0.0352159,0.040738,0.0500853,0.0513733,0.0555053,0.0469567,0.0447012,0.0410651,0.036816,0.036197,0.0366946,0.0373945,0.0311359,0.0331049,0.0339798,0.0364665,0.0341832,0.0361727,0.0298626,0.0260826,0.0312329,0.0352259,0.0408148,0.0399887];
time = 48.6s
set_speed = 0.2
