thresh = 0.4m
rmse_pos = {[2.50422,2.50422,2.36517,2.23463,2.07253,1.89116,1.69889,1.50446,1.30996,1.11417,0.924925,0.766994,0.654727,0.561576,0.49659,0.434392,0.386337],[0.238871],[0.173628],[0.246864],[0.361434],[0.471297,0.432369,0.381484],[0.45979,0.404339,0.352516],[0.411498,0.358443],[0.429058,0.378623],[0.438915,0.382657],[0.45335,0.40031,0.343345],[0.412136,0.354838],[0.425979,0.36347],[0.438445,0.374694],[0.433737,0.36968],[0.437021,0.371884],[0.44012,0.366413],[0.439513,0.373855],[0.442602,0.368207],[0.432553,0.366704],[0.43844,0.372714],[0.443768,0.377044],[0.451254,0.385001],[0.451328,0.379759],[0.446668,0.366858],[0.437217,0.37012],[0.432415,0.359831],[0.430345,0.357813],[0.422002,0.34843],[0.411577,0.34485],[0.407291,0.338905],[0.399713],[0.470277,0.395233],[0.456735,0.381372],[0.437518,0.353221],[0.412394,0.336993],[0.392169],[0.459009,0.379932],[0.425687,0.34486],[0.395262],[0.458987,0.37326],[0.431646,0.342837],[0.404462,0.33249],[0.38915],[0.453509,0.371616],[0.429522,0.346889],[0.401415,0.324344],[0.386394],[0.448336,0.368767],[0.415963]};
time = 21.4s
size =  50
thresh = 0.4
