xte_pos = [2.05505,2.05505,1.94444,1.82107,1.68409,1.50612,1.33937,1.16078,0.972639,0.796041,0.629058,0.492399,0.393248,0.331237,0.271654,0.235501,0.205178,0.1866,0.172796,0.178403,0.190903,0.20816,0.224989,0.231332,0.240373,0.235547,0.236628,0.231017,0.224372,0.221457,0.215337,0.205141,0.201521,0.201713,0.200506,0.195859,0.196761,0.188634,0.186491,0.177752,0.183783,0.178886,0.17238,0.165963,0.171264,0.16854,0.171003,0.158644,0.161697,0.158271,0.15683,0.147261,0.147655,0.144204,0.140756,0.136102,0.138555,0.137655,0.140447,0.13797,0.138106,0.132458,0.131941,0.125249,0.121448,0.120302,0.11627,0.11143,0.109484,0.103836,0.0973726,0.0933552,0.0901546,0.0914639,0.0899501,0.0881292,0.0853353,0.0866247,0.0842411,0.0859388,0.0843774,0.0838364,0.0680987,0.0630335,0.0607605,0.056666,0.050233,0.0536029,0.0558573,0.0515119,0.0454651,0.0447917,0.0491666,0.057382,0.049628,0.0522325,0.0436344,0.0373545,0.0358625,0.043326,0.0524173,0.0518875,0.0489781,0.0491077,0.0508715,0.0484917,0.0525134,0.052669];
time = 21.4s
