xte_pos = [2.05082,2.05082,1.95252,1.83185,1.66927,1.48147,1.31654,1.10309,0.918999,0.729676,0.5856,0.451496,0.368007,0.321207,0.282502,0.248982,0.22732,0.205867,0.192199,0.169897,0.151992,0.141852,0.151008,0.15572,0.168307,0.178227,0.184504,0.181341,0.176719,0.169097,0.161619,0.153408,0.147629,0.144298,0.144817,0.142656,0.139457,0.141409,0.132691,0.132016,0.122081,0.126966,0.117823,0.120366,0.119039,0.119573,0.117654,0.123893,0.121883,0.120076,0.109525,0.106067,0.104973,0.105503,0.0998162,0.104643,0.100264,0.099589,0.103213,0.105833,0.100046,0.0943834,0.0927161,0.0844046,0.0844559,0.0864474,0.0859245,0.0823898,0.0693881,0.0723988,0.0607271,0.0607505,0.058429,0.0607647,0.058997,0.0704329,0.0611201,0.0652474,0.0680203,0.0689258,0.0584869,0.0604964,0.0557327,0.0526612,0.0384195,0.0388746,0.0350231,0.0341438,0.0262034,0.0234013,0.0178539,0.0111094,0.0102465,0.00333356,0.0100569,0.00946851,0.0141747,0.0121484,0.0100166,0.0132702,0.0128944,0.0133896,0.0132898,0.0164776,0.01106,0.0136425,0.00875426,0.0105766,0.0159949,0.0192231,0.0313563,0.0330999,0.0398592,0.0373007,0.0358656,0.0272221,0.0280747,0.0174674,0.0146253,0.00995041,0.0140629,0.0188354,0.0236808,0.0269464,0.0295608,0.0321199,0.0397593,0.0315579,0.0345251,0.0333196,0.0351013,0.0415817,0.0457706,0.0420462,0.0393483];
time = 26.8s
