xte_pos = [0.222372,0.207418,0.199514,0.191068,0.192595,0.190325,0.195104,0.196055,0.203525,0.203179,0.1991,0.195356,0.191828,0.196411,0.193297,0.18816,0.178876,0.175957,0.165219,0.159636,0.152815,0.152008,0.149513,0.144725,0.146784,0.150436,0.151066,0.156941,0.163096,0.168975,0.182402,0.185607,0.187394,0.205403,0.210765,0.208398,0.217261,0.226203,0.228914,0.235045,0.233192,0.239906,0.228934,0.23534,0.234528,0.244033,0.251709,0.255876,0.257607,0.243035,0.2409,0.224605,0.213843,0.206834,0.19401,0.179662,0.179262,0.163125,0.174851,0.175026,0.179597,0.175584,0.166326,0.156416,0.15633,0.153408,0.139865,0.1397840.162405,0.161389,0.16251,0.172974,0.173953,0.183823,0.185705,0.199956,0.214552,0.22648,0.233076,0.243678,0.250384,0.261373,0.249602,0.259754,0.259276,0.269196,0.264127,0.265434,0.261456,0.270143,0.277486,0.266264,0.265916,0.24723,0.239753,0.226301,0.21008,0.194907,0.185021,0.174458,0.165404,0.165469,0.160166,0.152246,0.156861,0.154159,0.155336,0.16093,0.161908,0.151799,0.156538,0.150265,0.152686,0.156324,0.156643,0.167446,0.169879,0.177737,0.184863,0.185357,0.200456,0.210048,0.216619,0.215554,0.233425,0.240372,0.244137,0.246777,0.256799,0.2649860.321993,0.322439,0.333683,0.336298,0.323327,0.319259,0.302078,0.298637,0.284648,0.279139,0.265254,0.265433,0.26071,0.269542,0.268472,0.277339,0.299026,0.297814,0.293253,0.285874,0.288727,0.275289,0.275584,0.268952,0.266453,0.259852,0.261602,0.253942,0.255931,0.258781,0.258336,0.247488,0.241815,0.239221,0.230071,0.223579,0.219303,0.225969,0.224835,0.231572,0.228778,0.227914,0.224414,0.228018,0.225605,0.230809,0.230843,0.24126,0.244329,0.253484,0.250662,0.250215,0.246741,0.241993,0.234445,0.230825,0.220559,0.218704,0.211874,0.198436,0.1915,0.187709,0.18338];
time = 44.4s
thresh = 0.5
,,,,,,,,,,,,,,