xte_vel = [0.0354324,0.041156,0.0527068,0.0555179,0.0550705,0.0553985,0.0586497,0.0603277,0.06514,0.0654209,0.0684971,0.0685072,0.0712479,0.0660327,0.059743,0.0552972,0.0509937,0.0556516,0.043104,0.0349333,0.0351918,0.0286915,0.0291321,0.0306241,0.0389221,0.0538721,0.0597882,0.0730424,0.0881937,0.105363,0.115892,0.119062,0.127179,0.128165,0.135864,0.133552,0.134009,0.126209,0.124465,0.113048,0.104684,0.100874,0.0972081,0.0951293,0.0916523,0.085884,0.0877999,0.0877831,0.0919565,0.0902014,0.0856411,0.0859279,0.0869946,0.085978,0.0916388,0.0926128,0.100841,0.105674,0.105083,0.113192,0.118962,0.118912,0.117481,0.12144,0.119245,0.118199,0.109478,0.102584,0.105786,0.100464,0.0962272,0.102491,0.103984,0.103949,0.1031410.124288,0.129701,0.132328,0.135236,0.13383,0.122161,0.115228,0.101575,0.088136,0.0785118,0.0733437,0.0638147,0.0526406,0.0521323,0.0495286,0.0563278,0.0526776,0.0492981,0.061364,0.0585256,0.0571703,0.0595275,0.0671781,0.0596705,0.0608198,0.0623872,0.0704725,0.06824,0.0651826,0.0620671,0.0635389,0.0580769,0.0509368,0.0438432,0.0347703,0.0299371,0.033335,0.0385937,0.0411392,0.0466062,0.0483926,0.0528084,0.0608747,0.0646501,0.0758841,0.0934227,0.111865,0.122142,0.139346,0.141265,0.154969,0.159859,0.158942,0.154356,0.141888,0.14029,0.136347,0.124896,0.12315,0.122067,0.108446,0.102037,0.0988876,0.0914442,0.0943344,0.0915877,0.0881688,0.0895006,0.0981018,0.102945,0.117028,0.119936,0.124812,0.1214,0.127495,0.128885,0.1331730.103629,0.107507,0.0992155,0.0918202,0.0900265,0.0926665,0.0963328,0.0955195,0.0988144,0.0977327,0.105592,0.102257,0.108348,0.104071,0.0984914,0.0944447,0.0974672,0.0977863,0.0902247,0.0931585,0.0999194,0.091951,0.0913573,0.0919456,0.0918762,0.0827439,0.0814141,0.086669,0.083307,0.0903436,0.0902754,0.0920019,0.0872277,0.0925367,0.0916877,0.099059,0.103536,0.106562,0.1104,0.109203,0.101645,0.0958837,0.096563,0.0941963,0.0983551,0.0983351,0.0969535,0.0994665,0.0983334,0.101277,0.085794,0.0818354,0.0882693,0.0868665,0.0956367,0.088945,0.0959756,0.0925523,0.0921227,0.0976718,0.0909837,0.095397,0.101438,0.101972,0.103421,0.112661,0.117756,0.123629,0.12295,0.124395,0.118696,0.123023,0.115781,0.116235,0.11386,0.103769];
time = 56.2s
thresh = 0.3
set_speed = 0.4
,,