xte_vel = [,,,,,,,,,,,,,,0.02702,0.0233209,0.0325673,0.063615,0.0825276,0.120688,0.141173,0.17652,0.190519,0.230642,0.244836,0.269704,0.282604,0.297982,0.299909,0.300465,0.301049,0.294471,0.281197,0.272257,0.244224,0.233512,0.224151,0.204615,0.184649,0.18051,0.172671,0.164351,0.149239,0.155921,0.146004,0.149505,0.15043,0.151138,0.145422,0.151073,0.152503,0.1504,0.156031,0.165044,0.169025,0.177325,0.182446,0.198602,0.225464,0.238589,0.268303,0.290856,0.301158,0.312122,0.311269,0.314404,0.305545,0.300312,0.291919,0.293386,0.280769,0.292812,0.275869,0.29197,0.284682,0.302951,0.304787,0.325179,0.319377,0.336078,0.353386,0.35014,0.354979,0.338851,0.332008,0.308833,0.284537,0.257307,0.233410.165849,0.166037,0.159292,0.168743,0.159355,0.168298,0.168225,0.172379,0.175054,0.181209,0.183268,0.19687,0.200065,0.199878,0.206096,0.213902,0.221382,0.227257,0.239339,0.244872,0.260376,0.273215,0.280116,0.287129,0.292228,0.293488,0.296804,0.295859,0.300444,0.286889,0.296793,0.293098,0.29956,0.291775,0.291112,0.284308,0.294318,0.287424,0.300851,0.294863,0.309459,0.311246,0.318153,0.316064,0.32888,0.326096,0.339049,0.335396,0.344645,0.338296,0.337746,0.329785,0.336865,0.33349,0.339863,0.327615,0.342237,0.325738,0.327968,0.314482,0.317455,0.300225,0.2923180.265502,0.256534,0.253476,0.234752,0.210415,0.206948,0.198519,0.199456,0.193167,0.208751,0.212481,0.231449,0.235872,0.256413,0.269048,0.295962,0.301512,0.33447,0.3346,0.359177,0.383606,0.386479,0.385503,0.374833,0.368097,0.345474,0.330153,0.300069,0.280837,0.255477,0.245951,0.229743,0.232247,0.230585,0.24626,0.249238,0.268616,0.272484,0.29324,0.290721,0.301699,0.301443,0.306382,0.299185,0.31128,0.300399,0.303588,0.29835,0.304424,0.287098,0.293669,0.2826,0.281421,0.266796,0.262298,0.250498,0.245466,0.238203,0.237697,0.227025,0.221881,0.217116,0.222917];
time = 49.2s
thresh = 0.4
set_speed = 0.4
,,,,,,,,