dist_err_vel = {[,,,,,,,,,,,,,,,,,,,,,,,,,,,,,,,,,,,],[0.286259],[0.291929],[0.366825],[0.470591,0.457047,0.43653,0.39802],[0.48456,0.436613,0.394929],[0.473432,0.428672,0.397291],[0.474777,0.438182,0.398556],[0.486661,0.442246,0.407874,0.37236],[0.42265,0.378408],[0.420246,0.366453],[0.406171,0.339036],[0.375894],[0.42271,0.344754],[0.379888],[0.420839,0.342987],[0.377343],[0.413936,0.333277],[0.371934],[0.407398,0.334115],[0.362886],[0.40424,0.312736],[0.352768],[0.376901],[0.417912,0.322002],[0.359018],[0.383122],[0.427267,0.333793],[0.361888],[0.402634,0.340578],[0.374352],[0.41714,0.363067],[0.394151],[0.424162,0.362267],[0.378876],[0.411345,0.339904],[0.356927],[0.383747],[0.407872,0.346163],[0.370662],[0.399543],[0.436612,0.381973],[0.412366,0.369404],[0.395188],[0.423376,0.381083],[0.397115],[0.416162,0.35274],[0.356325],[0.374079],[0.382389],[0.308657],[0.334664],[0.350851],[0.361387],[0.382965],[0.405326,0.316436],[0.349664],[0.379644],[0.409657,0.335424],[0.358724],[0.375423],[0.42116,0.325403],[0.364408],[0.386133],[0.428816,0.339961],[0.379845],[0.407859,0.337025],[0.365577],[0.411331,0.335898],[0.372443],[0.391617],[0.425774,0.347764],[0.37478],[0.391558],[0.414158,0.341566],[0.369723],[0.387245],[0.413299,0.332643],[0.351736],[0.371875],[0.392587],[0.417623,0.349272],[0.368505],[0.398813],[0.419165,0.359915],[0.383754],[0.412253,0.362035],[0.378931],[0.398621],[0.424291,0.364455],[0.380057],[0.396805],[0.42736,0.369596],[0.384072],[0.412677,0.356143],[0.370838],[0.387157],[0.415025,0.348999],[0.356262],[0.289907],[0.299888],[0.3124],[0.327035],[0.348566],[0.355056],[0.357651],[0.385981],[0.396713],[0.425523,0.331381],[0.364686],[0.391375],[0.428422,0.346894],[0.387323],[0.421812,0.361231],[0.403967,0.360114],[0.394971],[0.425413,0.398033],[0.408208,0.376602],[0.378161],[0.381032],[0.381339],[0.391515],[0.394217],[0.417438,0.316295],[0.332918],[0.351186],[0.381303],[0.40943,0.341741],[0.37208],[0.415372,0.352206],[0.383557],[0.414937,0.355902],[0.377462],[0.409769,0.350302],[0.366402],[0.387167],[0.419253,0.350688],[0.368242],[0.390588],[0.420184,0.339329],[0.358814],[0.374873],[0.406247,0.316723],[0.345776],[0.365272],[0.398277],[0.409869,0.329816],[0.352789]};
time = 49.2s
size =  50
thresh = 0.4
set_speed = 0.4
],[,,,,,,,,,,,,,,,,,,,,,,,,,,,,