dist_err_pos = {[,,,,,,,,,,,,,,,,,,],[0.359451],[0.405581,0.382173],[0.458808,0.426688,0.393479],[0.461539,0.422112,0.385004],[0.454168,0.406028,0.361427],[0.425864,0.379905],[0.445622,0.39222],[0.456874,0.40595,0.35],[0.401681,0.339735],[0.400993,0.332691],[0.383587],[0.443707,0.370874],[0.418713,0.338886],[0.381634],[0.425094,0.355355],[0.401746,0.331094],[0.372883],[0.417691,0.353606],[0.396801],[0.439798,0.362434],[0.405858,0.332128],[0.382954],[0.418604,0.347961],[0.393699],[0.454192,0.383312],[0.418714,0.34216],[0.392347],[0.440432,0.365825],[0.420651,0.341994],[0.391932],[0.434181,0.357847],[0.406014,0.335734],[0.388273],[0.434535,0.355359],[0.407019,0.329336],[0.377908],[0.431058,0.350958],[0.403531,0.332112],[0.388966],[0.432885,0.362376],[0.408948,0.337737],[0.369962],[0.414898,0.341969],[0.367483],[0.40798,0.331035],[0.371634],[0.413846,0.339311],[0.365958],[0.406906],[0.357628],[0.399031],[0.443707,0.355017],[0.392162],[0.417968,0.344418],[0.372366],[0.414469,0.331712],[0.3772],[0.413389,0.349436],[0.383251],[0.433207,0.353685],[0.39769],[0.431673,0.361554],[0.402024,0.343786],[0.380725],[0.427496,0.356606],[0.395832],[0.435753,0.36756],[0.411316,0.348141],[0.382791],[0.416626,0.343052],[0.383021],[0.419225,0.339518],[0.381245],[0.424767,0.342357],[0.386595],[0.417951,0.347863],[0.393252],[0.442343,0.367826],[0.412583,0.331851],[0.369049],[0.425036,0.355666],[0.405591,0.325104],[0.366311],[0.413391,0.34353],[0.383536],[0.431877,0.356253],[0.392008],[0.445588,0.367199],[0.415427,0.340654],[0.392834],[0.440573,0.362816],[0.407483,0.32659],[0.37806],[0.422418,0.357557],[0.399866],[0.455862,0.383423],[0.425189,0.348696],[0.385911],[0.357726],[0.41168,0.336069],[0.375777],[0.421998,0.343576],[0.383232],[0.408611,0.328407],[0.366666],[0.414836,0.344121],[0.391082],[0.430402,0.364074],[0.389739],[0.425628,0.35271],[0.393207],[0.438796,0.370954],[0.408819,0.346465],[0.380383],[0.434533,0.361971],[0.409321,0.348832],[0.394496],[0.438355,0.366285],[0.407742,0.34367],[0.381604],[0.434778,0.35449],[0.399591],[0.439994,0.371754],[0.403883,0.340333],[0.38353],[0.420139,0.355435],[0.403996,0.346854],[0.391307],[0.439945,0.365472],[0.416669,0.340702],[0.380482],[0.418923,0.350423],[0.380993],[0.427109,0.347993],[0.390529],[0.430592,0.364374],[0.401119,0.333241],[0.3718],[0.419654,0.340479],[0.392822],[0.434451,0.364385],[0.408028,0.339643],[0.381432],[0.432198,0.360947],[0.39908],[0.445161,0.377471],[0.407922]};
time = 51.6s
size =  50
thresh = 0.4
],[,,,,,,,,,,,,,,,,,,,,,,,,,,,,,,,,,,,,,,,,,,,,,,,,,,,,,