xte_pos = [0.229551,0.22279,0.216426,0.212624,0.210361,0.205056,0.202699,0.19832,0.198102,0.194475,0.193226,0.185278,0.187046,0.180684,0.178726,0.179247,0.173609,0.172325,0.169247,0.165856,0.152784,0.140605,0.131123,0.125132,0.11967,0.119639,0.117892,0.116382,0.114023,0.116668,0.119591,0.12338,0.123827,0.126516,0.125577,0.125252,0.125234,0.123911,0.127762,0.131682,0.138365,0.146423,0.149191,0.151308,0.159158,0.158579,0.162903,0.161403,0.170627,0.169512,0.170306,0.169902,0.173291,0.171946,0.178108,0.173568,0.173437,0.172191,0.171997,0.165429,0.16452,0.165832,0.163652,0.163261,0.157077,0.15035,0.145311,0.145554,0.143566,0.141393,0.137737,0.139548,0.141246,0.139298,0.141746,0.137275,0.133528,0.130078,0.122944,0.1214240.13963,0.143349,0.151277,0.159529,0.162609,0.173451,0.180777,0.192678,0.201479,0.210798,0.224588,0.228178,0.237353,0.239497,0.240366,0.250276,0.258608,0.261682,0.264435,0.264079,0.255582,0.257917,0.25152,0.257738,0.25085,0.249891,0.233669,0.227913,0.218807,0.215479,0.199435,0.200471,0.193323,0.189404,0.184708,0.184455,0.18555,0.195147,0.193739,0.192015,0.190704,0.192635,0.200755,0.200223,0.203871,0.197666,0.191264,0.195108,0.180455,0.180195,0.182634,0.173637,0.162448,0.153752,0.152766,0.140591,0.130989,0.130429,0.123516,0.120969,0.113719,0.111729,0.109657,0.110753,0.109159,0.118359,0.11792,0.131094,0.132853,0.138009,0.140231,0.1421660.157078,0.156537,0.154632,0.160124,0.162091,0.168747,0.17407,0.183916,0.189537,0.194361,0.194187,0.200888,0.194292,0.204371,0.204756,0.220264,0.223355,0.231686,0.234053,0.237235,0.242677,0.237209,0.23473,0.24357,0.244464,0.245646,0.234281,0.236893,0.226882,0.224338,0.22032,0.206952,0.198371,0.192403,0.1883,0.184665,0.184849,0.187653,0.194081,0.195004,0.198251,0.197863,0.199115,0.194347,0.196632,0.192599,0.190946,0.186077,0.186113,0.186443,0.18435,0.179255,0.176801,0.173116,0.176235,0.177927,0.180003,0.181963,0.185592,0.187883,0.18549,0.186386,0.187586,0.184831,0.191847,0.19252,0.203885,0.210188,0.217606,0.214691,0.223248,0.221393,0.219396];
time = 51.6s
thresh = 0.4
,,,,,,,,,,,,,,,,