xte_carrot = [,0.0146289,0.0958776,0.159043,0.193019,0.2177,0.228371,0.235689,0.21968,0.209794,0.176385,0.14348,0.10006,0.0560585,0.0197078,0.0405484,0.0610738,0.0673214,0.0510523,0.0163291,0.0496382,0.120412,0.181995,0.226864,0.24128,0.234959,0.222198,0.185183,0.142648,0.10075,0.0530801,0.0154836,0.0471726,0.0758132,0.0925668,0.0860705,0.0573118,0.00990803,0.0395759,0.0998849,0.148422,0.167015,0.173955,0.145555,0.114045,0.0676068,0.0332054,0.026705,0.058168,0.0770918,0.0754447,0.0605483,0.0319389,0.0140453,0.0662784,0.121865,0.150357,0.171192,0.165771,0.145671,0.111,0.0755728,0.0297385,0.00961191,0.0509302,0.0787445,0.0951292,0.0758609,0.0377807,0.0181534,0.0787723,0.132516,0.18209,0.212893,0.224308,0.204333,0.179839,0.139919,0.10256,0.0557669,0.00503753,0.0417561,0.0673437,0.083262,0.073905,0.0386444,,0.197748,0.208086,0.19161,0.167294,0.136735,0.101761,0.072776,0.0371434,0.0118833,0.0320725,0.0566,0.0529861,0.0262284,0.0266371,0.0762345,0.134023,0.18578,0.213531,0.23874,0.237273,0.215566,0.178606,0.141852,0.091486,0.0417696,0.00987396,0.0446539,0.0731064,0.0843299,0.0663127,0.0301533,0.0508385,0.112941,0.15622,0.1972,0.210713,0.208421,0.195547,0.165903,0.128726,0.0896936,0.0548569,0.025218,0.0313683,0.0409691,0.043055,0.0251883,0.00210839,0.060055,0.103746,0.153546,0.173835,0.184355,0.163719,0.139546,0.104357,0.060997,0.0139144,0.0319957,0.0662671,0.0747512,0.0557316,0.0161905,0.027706,0.0895409,0.14276,0.177584,0.198314,0.203529,0.193403,0.174788,0.142704,0.107034,0.0703559,0.0324518,0.0197833,0.0170151,0.0329629,0.0660525,0.107086,0.145473,0.175711,0.1972,0.196737,0.180856,0.154247,0.122328,0.0900026,0.0523347,0.0107198,0.0218406,0.0255146,0.028621,0.00646713,0.0415321,0.0900097,0.140354,0.173852,0.192873,0.19927,0.175189,0.154985,0.118723,0.0685788,0.0402151,0.0379998,0.0553288,0.0664041,0.0721594,0.0678109,0.0648891,0.0783795,0.106767,0.146932,0.174615,0.180776,0.175456,0.166008,0.142643,0.118265,0.101349,0.0667756,0.0366293,0.0192963,0.0438923,0.057611,0.0497341,0.0615067,0.100439,0.142608,0.164159,0.165683,0.163132,0.157304,0.154171,0.133539,0.119351,0.0879659,0.0593893,0.0453408,0.0331849,0.0232761,0.0138277,];
time = 61s
set_speed = 0.5
