xte_vel = [0.0777462,0.0533089,0.0281599,0.0154067,0.0271682,0.0399623,0.0478422,0.0684308,0.0862911,0.117649,0.131789,0.13732,0.151469,0.149629,0.134206,0.116489,0.0869213,0.0717151,0.0401275,0.0227859,0.00854094,0.00557863,0.00903006,0.0120909,0.0331015,0.0598054,0.0994777,0.12289,0.147045,0.158387,0.159681,0.164382,0.153831,0.12473,0.111693,0.0865104,0.0632656,0.0501252,0.0393155,0.0379781,0.0455104,0.0632477,0.0719012,0.0903631,0.105624,0.116243,0.12153,0.126707,0.111474,0.105241,0.0972406,0.0763331,0.066013,0.0423048,0.0390294,0.0413825,0.0373788,0.0447157,0.048989,0.0684202,0.0762896,0.0897855,0.0957001,0.113319,0.112136,0.117754,0.118888,0.109136,0.102313,0.0801444,0.0512826,0.0324339,0.0158113,0.009316,0.00675198,0.0157470.0825106,0.092045,0.100274,0.106518,0.100006,0.104346,0.101282,0.0918527,0.0843458,0.0789483,0.0727394,0.0747529,0.080313,0.0821893,0.0716626,0.0733411,0.0789364,0.0809937,0.0934018,0.0883529,0.0915095,0.105286,0.102577,0.105645,0.115552,0.111762,0.10205,0.105525,0.0924501,0.0816588,0.081376,0.074932,0.0693749,0.0719847,0.0702343,0.0665486,0.0818008,0.0902962,0.105869,0.12093,0.129174,0.130555,0.134368,0.126013,0.111582,0.107761,0.0965196,0.0795495,0.0598026,0.0466616,0.0410264,0.0472695,0.0604068,0.0935767,0.112569,0.132324,0.133129,0.140738,0.136759,0.135377,0.127375,0.113623,0.098338,0.0852468,0.0714922,0.0597799,0.0641542,0.0626212,0.062861,0.074545,0.0718938,0.07970870.0783646,0.0692776,0.0622702,0.0499262,0.0424232,0.0362745,0.0366314,0.0432703,0.0414462,0.0548846,0.0649767,0.0754153,0.0895683,0.100237,0.0991808,0.102957,0.109369,0.11524,0.107276,0.108633,0.086022,0.080165,0.0662708,0.0591426,0.0580655,0.0621156,0.0719351,0.0769944,0.100094,0.111851,0.124928,0.139651,0.151887,0.156804,0.164606,0.165472,0.148158,0.134837,0.116977,0.0953622,0.0751055,0.0573719,0.0419144,0.0399441,0.0455772,0.0535275,0.0661428,0.0847917,0.12216,0.148069,0.165053,0.170233,0.165265,0.161528,0.151966,0.128254,0.107708,0.0909785,0.0765264,0.0700046,0.0597391,0.0558299,0.0604792,0.0583028,0.0716853,0.0989186,0.115033,0.135919,0.143583,0.142005];
time = 53s
thresh = 0.2
set_speed = 0.4
,,,,,,,,,,,,,