xte_vel = [0.197467,0.140717,0.0872032,0.0515949,0.0284558,0.0219343,0.0103072,0.0132955,0.0334003,0.0510217,0.0690127,0.0854282,0.102392,0.115346,0.128006,0.141,0.147961,0.16293,0.166769,0.17306,0.18347,0.185304,0.191756,0.194211,0.195077,0.20039,0.204218,0.205914,0.208623,0.209059,0.211205,0.209345,0.209757,0.206508,0.20402,0.197625,0.19405,0.183779,0.173247,0.176243,0.174067,0.168974,0.162555,0.160891,0.151046,0.146554,0.140091,0.139008,0.128109,0.125707,0.115966,0.10938,0.1008,0.097,0.089399,0.0870546,0.0805648,0.0720473,0.0674902,0.061458,0.0583806,0.0629463,0.0577968,0.0537066,0.0507589,0.045406,0.0388275,0.0358128,0.0352104,0.0323371,0.0415609,0.0368525,0.0472695,0.0529802,0.0508506,0.0592114,0.0717061,0.0803428,0.0956595,0.101921,0.110692,0.12132,0.12967,0.132415,0.139352,0.151722,0.158774,0.161276,0.170665,0.178524,0.1835810.180826,0.178579,0.164477,0.160152,0.152176,0.147182,0.139577,0.131652,0.133187,0.12457,0.119944,0.120918,0.114837,0.118398,0.113234,0.116457,0.103943,0.106101,0.119253,0.118725,0.121778,0.126189,0.13203,0.127753,0.139137,0.136069,0.141099,0.153054,0.151754,0.16665,0.168585,0.176988,0.181722,0.187008,0.19256,0.200968,0.207074,0.215528,0.222351,0.229351,0.243427,0.249255,0.274116,0.280696,0.289206,0.285205,0.285199,0.273223,0.270074,0.248655,0.242405,0.224538,0.207693,0.191818,0.184046,0.1778,0.169864,0.160044,0.159347,0.147617,0.143347,0.131319,0.126407,0.123627,0.119687,0.117216,0.121598,0.129407,0.121908,0.126379,0.12822,0.132598,0.130797,0.140849,0.136069,0.141722,0.14645,0.148431,0.144312,0.1428890.142869,0.14036,0.131668,0.12499,0.122052,0.114338,0.104783,0.10006,0.100669,0.103893,0.0999823,0.0936733,0.0961784,0.0904028,0.0899639,0.0827928,0.0877932,0.0845434,0.0839104,0.08036,0.0738328,0.0717981,0.0741878,0.0756501,0.0771628,0.0771262,0.0776996,0.0757,0.071042,0.0659436,0.059027,0.0553152,0.0532566,0.0529629,0.0469164,0.0406797,0.0380476,0.0345565,0.0311012,0.0290084,0.0270135,0.0240206,0.02408,0.0241646,0.0255213,0.025,0.0250219,0.0267179,0.0271624,0.0261273,0.0307166,0.034644,0.034797,0.0404145,0.0528701,0.0496216,0.0514009,0.0471371,0.0434216,0.0415481,0.0461845,0.0396285,0.0474107,0.037614,0.0383468,0.0297731,0.0252592,0.0260892,0.0231308,0.0266547,0.0354565,0.0388964,0.0356645,0.0385354,0.0450905,0.0478675,0.0457854,0.0490855,0.0617741,0.0672804,0.078455,0.0800073,0.0926205,0.108145,0.115395];
time = 62.8s
thresh = 0.5
set_speed = 0.3
,,,,,,