dist_err_vel = {[,,,,,,,,,,,,,,,,,,,,,,,,,,,,,],[0.245668],[0.297347],[0.413704,0.387122,0.34665,0.278841],[0.324448,0.247618],[0.30238,0.227656],[0.284222],[0.342082,0.27271],[0.320448,0.245628],[0.29168],[0.327882,0.254616],[0.290636],[0.321442,0.232269],[0.251586],[0.285202],[0.310108,0.216723],[0.253317],[0.285253],[0.318613,0.235653],[0.266955],[0.299722],[0.330717,0.247628],[0.278899],[0.313563,0.210002],[0.235394],[0.257016],[0.289359],[0.317621,0.228993],[0.248688],[0.285786],[0.311275,0.223479],[0.255861],[0.291108],[0.320309,0.242382],[0.262294],[0.284568],[0.314473,0.221139],[0.248764],[0.27368],[0.2985],[0.324295,0.239672],[0.264913],[0.301242,0.206437],[0.236688],[0.274888],[0.314843,0.236361],[0.265332],[0.299722],[0.329081,0.252116],[0.280025],[0.219932],[0.246094],[0.273378],[0.295813],[0.321622,0.231529],[0.260872],[0.295892],[0.336064,0.247838],[0.291837],[0.327551,0.250004],[0.27981],[0.30344,0.219745],[0.240003],[0.268107],[0.296644],[0.329472,0.232999],[0.261899],[0.283597],[0.314326,0.215942],[0.260742],[0.280768],[0.310897,0.225379],[0.258561],[0.29197],[0.312112,0.239037],[0.260393],[0.289092],[0.31238,0.233478],[0.256742],[0.287135],[0.31863,0.223346],[0.249012],[0.282475],[0.313913,0.225314],[0.260404],[0.300261,0.221139],[0.249941],[0.280022],[0.323106,0.230859],[0.269168],[0.306532,0.224803],[0.257104],[0.29527],[0.322461,0.245962],[0.283856],[0.318366,0.226339],[0.270619],[0.299097],[0.341064],[0.27207],[0.298229],[0.322705,0.232414],[0.258238],[0.293022],[0.315508,0.23411],[0.262231],[0.304228,0.215236],[0.246409],[0.269893],[0.313878,0.215626],[0.239755],[0.253094],[0.275795],[0.302395,0.204958],[0.223767],[0.243464],[0.280714],[0.307061,0.231221],[0.26669],[0.30017,0.221557],[0.238694],[0.252174],[0.27964],[0.300119,0.210051],[0.22213],[0.242125],[0.272079],[0.302217,0.206567],[0.234772],[0.259386],[0.301179,0.213117],[0.247214],[0.276724],[0.311651,0.21879],[0.244927],[0.259729],[0.278185],[0.29657],[0.314873,0.206569],[0.226076],[0.251832],[0.282398],[0.321341,0.24896],[0.278898],[0.298767],[0.333192,0.248769],[0.273749],[0.299145]};
time = 45.8s
size =  50
thresh = 0.3
set_speed = 0.5
],[,,,,,,,,,,,,,,,,,,,,,,,,,,,,,,,,,,,,,,,,,,,,,,,,,,,,,