xte_vel = [0.125514,0.11855,0.11492,0.107092,0.107771,0.108634,0.112315,0.112128,0.11989,0.123958,0.137804,0.135748,0.150057,0.15161,0.156513,0.155577,0.15661,0.149046,0.151772,0.156889,0.158675,0.158357,0.158671,0.159407,0.160698,0.161005,0.161989,0.168069,0.163141,0.165956,0.164544,0.17075,0.163158,0.171179,0.173064,0.186663,0.184837,0.193014,0.199356,0.205596,0.200266,0.206355,0.197666,0.210101,0.204617,0.20817,0.205612,0.211921,0.206311,0.212177,0.199498,0.209007,0.194746,0.195595,0.178984,0.180554,0.166813,0.152629,0.137391,0.124408,0.121513,0.109002,0.104593,0.0951971,0.0928176,0.0890387,0.0880303,0.0956595,0.0977663,0.0970563,0.101904,0.100782,0.10697,0.108558,0.101519,0.0985194,0.0950198,0.09669120.149349,0.158401,0.15707,0.156439,0.159907,0.165545,0.163998,0.166234,0.162,0.165773,0.153077,0.153237,0.148565,0.153013,0.149913,0.142069,0.144886,0.135816,0.138909,0.135835,0.127384,0.11773,0.11147,0.116369,0.109599,0.110135,0.111226,0.109068,0.107693,0.109366,0.105187,0.107653,0.113368,0.120062,0.125928,0.137584,0.139308,0.150787,0.153634,0.154102,0.155397,0.161961,0.162594,0.165127,0.165591,0.162454,0.155685,0.158158,0.15523,0.161647,0.153001,0.146334,0.151731,0.144741,0.141411,0.141065,0.140453,0.128871,0.116696,0.107813,0.103316,0.0963737,0.0973947,0.094096,0.10002,0.0984902,0.112175,0.114843,0.123998,0.126715,0.138146,0.137953,0.143805,0.1477590.153487,0.148282,0.150455,0.153646,0.161279,0.160915,0.158583,0.162993,0.159005,0.154238,0.152921,0.14394,0.148346,0.145819,0.155016,0.147658,0.159844,0.156577,0.16922,0.169896,0.175058,0.177336,0.188157,0.192799,0.204811,0.195949,0.206835,0.197452,0.196733,0.190578,0.182358,0.1622,0.164787,0.157895,0.1534,0.144816,0.140152,0.135088,0.130825,0.129417,0.122925,0.118627,0.113681,0.104456,0.111246,0.10877,0.103052,0.0944895,0.0996833,0.0979836,0.0996527,0.101191,0.107313,0.110017,0.0984271,0.104439,0.108309,0.112541,0.110486,0.118653,0.114961,0.122389,0.122391,0.13294,0.127597,0.140415,0.136113,0.151384,0.153744,0.148592,0.149599,0.15228,0.153597,0.15413,0.151969];
time = 56.2s
thresh = 0.5
set_speed = 0.4
,,,,,