dist_err_pos = {[,,,,,,,,,,,,,,,],[0.445196],[0.457906],[0.510661,0.471424],[0.537706,0.483709],[0.545997,0.490276],[0.549538,0.489764],[0.541599,0.488622],[0.537919,0.481602],[0.535986,0.463954],[0.514556,0.439405],[0.489939],[0.53745,0.46484],[0.509085,0.426271],[0.465103],[0.50035,0.411424],[0.449422],[0.492578],[0.527094,0.440442],[0.471346],[0.509482,0.41042],[0.4539],[0.480676],[0.529433,0.438199],[0.477605],[0.514761,0.440547],[0.462024],[0.508275,0.41728],[0.462815],[0.494211],[0.543825,0.450691],[0.479019],[0.509583,0.436311],[0.461639],[0.500438,0.427769],[0.464157],[0.509198,0.425562],[0.459839],[0.485909],[0.52673,0.42798],[0.458586],[0.48849],[0.520081,0.422556],[0.446432],[0.483882],[0.508067,0.418894],[0.437119],[0.474657],[0.507585,0.406554],[0.426803],[0.365317],[0.407767],[0.449664],[0.492511],[0.523156,0.427411],[0.453343],[0.486996],[0.515825,0.428146],[0.463599],[0.502532,0.420766],[0.459898],[0.493442],[0.536667,0.4528],[0.486612],[0.521739,0.442544],[0.474152],[0.511593,0.421177],[0.451192],[0.487437],[0.525046,0.434735],[0.47879],[0.507989,0.421493],[0.457724],[0.487636],[0.530332,0.430368],[0.466442],[0.493819],[0.516483,0.428856],[0.454294],[0.485363],[0.518829,0.436513],[0.47916],[0.513577,0.427086],[0.460574],[0.495874],[0.518302,0.427838],[0.44617],[0.477148],[0.502681,0.415865],[0.435526],[0.469378],[0.499721],[0.539506,0.438592],[0.467987],[0.499531],[0.535644,0.439087],[0.469507],[0.49881],[0.54328],[0.482722],[0.526369,0.448364],[0.473609],[0.499901],[0.533932,0.459215],[0.487144],[0.514217,0.441573],[0.466608],[0.499546],[0.532243,0.44169],[0.466437],[0.493308],[0.528095,0.443553],[0.472373],[0.504647,0.436102],[0.470854],[0.505218,0.432291],[0.46783],[0.497736],[0.531837,0.448683],[0.475673],[0.512578,0.427277],[0.461819],[0.485083],[0.514365,0.435896],[0.463384],[0.503983,0.417176],[0.444645],[0.465539],[0.502418,0.416633],[0.451624],[0.483073],[0.526225,0.434547],[0.466013],[0.497231],[0.534994,0.435534],[0.468942],[0.503804,0.423423],[0.45684],[0.5022,0.406324],[0.44048],[0.468638],[0.502896,0.408687],[0.435622],[0.469201],[0.501814,0.393901],[0.426084],[0.453433],[0.495671]};
time = 44.4s
size =  50
thresh = 0.5
],[,,,,,,,,,,,,,,,,,,,,,,,,,,,,,,,,,,,,,,,,,,,,,,,,,,,,,