xte_vel = [0.0896887,0.0816294,0.0804306,0.0803204,0.088343,0.0923742,0.104034,0.104322,0.118821,0.117948,0.131229,0.135404,0.137933,0.131006,0.136422,0.130398,0.129928,0.120682,0.121062,0.112314,0.109362,0.106085,0.104772,0.109049,0.109388,0.103524,0.105885,0.114639,0.118033,0.119923,0.128906,0.142271,0.157717,0.160421,0.169063,0.174364,0.177281,0.185063,0.191433,0.199346,0.199756,0.19954,0.203083,0.201676,0.212166,0.212415,0.211847,0.217858,0.223578,0.229363,0.236378,0.245119,0.268922,0.267637,0.288212,0.292607,0.306848,0.314229,0.318718,0.324993,0.333116,0.328317,0.331536,0.319032,0.304545,0.296296,0.284717,0.270254,0.259832,0.236014,0.219732,0.200609,0.195127,0.178381,0.170761,0.158461,0.151311,0.146505,0.141366,0.1423360.160149,0.166051,0.176084,0.18586,0.199365,0.207014,0.212009,0.219433,0.229625,0.234213,0.242212,0.243589,0.254334,0.260046,0.257987,0.268127,0.26971,0.278828,0.27095,0.26536,0.252606,0.248831,0.24102,0.235952,0.227578,0.22017,0.214293,0.206755,0.201761,0.209403,0.205853,0.210863,0.219634,0.225068,0.228597,0.236023,0.236037,0.241303,0.25339,0.248747,0.256437,0.246277,0.242726,0.230078,0.223083,0.207248,0.209565,0.192511,0.188186,0.176969,0.166897,0.160264,0.172517,0.17136,0.168111,0.177185,0.184899,0.186552,0.20226,0.213471,0.226106,0.232299,0.245538,0.251175,0.26396,0.258031,0.267234,0.270311,0.277638,0.2812110.264172,0.270513,0.266253,0.266296,0.252126,0.254221,0.240116,0.239933,0.229362,0.231823,0.229228,0.239008,0.227603,0.24062,0.244578,0.248057,0.249433,0.235385,0.228252,0.220457,0.208969,0.190832,0.188016,0.183402,0.176756,0.171504,0.167077,0.171574,0.167295,0.174308,0.178322,0.179901,0.183942,0.180701,0.177076,0.177056,0.188162,0.190275,0.198825,0.214841,0.218469,0.228168,0.244565,0.258131,0.270193,0.288673,0.301238,0.313896,0.319379,0.331658,0.318963,0.322447,0.314311,0.311787,0.297671,0.292355,0.27918,0.278093,0.266404,0.25808,0.250274,0.238852,0.229326,0.220091,0.209839,0.204047,0.192762,0.190242,0.197363];
time = 56s
thresh = 0.4
set_speed = 0.3
,,,,,,,,,,,,,,,,,,,