dist_err_vel = {[,,,,,,,,,,,,,,,,,,,,,,,,,,,],[0.310566],[0.257474],[0.305797],[0.432126],[0.549782,0.52112,0.466216],[0.532728,0.45753],[0.511535,0.430888],[0.490255],[0.536778,0.467682],[0.525753,0.457874],[0.509511,0.445101],[0.498024],[0.546425,0.463189],[0.516147,0.434103],[0.477916],[0.524625,0.43436],[0.469025],[0.512854,0.424214],[0.45869],[0.50109,0.41341],[0.456842],[0.496734],[0.529475,0.440203],[0.484072],[0.521403,0.435349],[0.469427],[0.516693,0.427965],[0.458427],[0.500625,0.416645],[0.463058],[0.506595,0.423971],[0.459969],[0.505729,0.414823],[0.456284],[0.490056],[0.529967,0.445414],[0.476079],[0.515811,0.423531],[0.462562],[0.502509,0.414961],[0.452368],[0.494163],[0.538923,0.44762],[0.493514],[0.526188,0.439411],[0.477282],[0.519987,0.432034],[0.465648],[0.504522],[0.458337],[0.497007],[0.537733,0.453702],[0.496693],[0.540424,0.444829],[0.488736],[0.532983,0.444835],[0.482186],[0.52601,0.450084],[0.490176],[0.530557,0.449848],[0.495705],[0.530981,0.451558],[0.488617],[0.529872,0.442831],[0.48034],[0.521358,0.432202],[0.471059],[0.500094,0.410312],[0.456576],[0.497805],[0.534023,0.439303],[0.480067],[0.525646,0.437926],[0.481331],[0.518686,0.440338],[0.483713],[0.526036,0.451032],[0.494008],[0.537462,0.45495],[0.497244],[0.531627,0.447799],[0.487876],[0.535849,0.452053],[0.494576],[0.532975,0.447581],[0.493793],[0.535581,0.45341],[0.490298],[0.541922,0.460569],[0.504425,0.418954],[0.471504],[0.521145,0.443789],[0.488166],[0.52681,0.444757],[0.496714],[0.541762,0.453704],[0.497886],[0.546226],[0.511904,0.428918],[0.462017],[0.507402,0.418244],[0.453853],[0.489757],[0.533469,0.441069],[0.487505],[0.526434,0.447738],[0.486372],[0.528858,0.448579],[0.495331],[0.535054,0.460178],[0.507914,0.425983],[0.477424],[0.522881,0.445889],[0.493051],[0.538274,0.459384],[0.509204,0.428465],[0.467719],[0.513677,0.436722],[0.482423],[0.520519,0.437914],[0.483572],[0.524156,0.442353],[0.491912],[0.533441,0.460712],[0.505104,0.420516],[0.464973],[0.519132,0.430644],[0.480522],[0.523595,0.441063],[0.481741],[0.524282,0.436963],[0.478569],[0.512378,0.431011],[0.463438],[0.503549,0.412292],[0.452189],[0.4945],[0.540983,0.453839],[0.48949],[0.540423,0.44927],[0.489995],[0.528173,0.4488],[0.487338],[0.530451,0.443283],[0.490085],[0.521842,0.44026],[0.479616]};
time = 49.6s
size =  50
thresh = 0.5
set_speed = 0.5
],[,,,,,,,,,,,,,,,,,,,,,,,,,,,,