dist_err_carrot = {[2.99002,2.99002,2.96702,2.87502,2.77102,2.66303,2.55603,2.44805,2.34003,2.23305,2.13106,2.02806,1.91806,1.80507,1.69807,1.59208,1.49221,1.39918,1.30105,1.20106,1.10111,1.00012,0.903135,0.806152,0.709173,0.608385,0.50846,0.406576,0.304768,0.20216,0.103947,0.0286513,0.0972312,0.156502,0.132346,0.0865312,0.0326009,0.116766,0.180277,0.132367,0.0470387,0.0890494,0.079235,0.144218,0.0948217,0.0284003,0.131853,0.120133,0.11066,0.150182,0.114016,0.0962352,0.135065,0.0892262,0.12281,0.0618926,0.132078,0.0856214,0.0389738,0.0762859,0.0391529,0.102469,0.0545071,0.120448,0.0923076,0.163162,0.13155,0.164077,0.101037,0.129311,0.0699355,0.0829851,0.11665,0.0820629,0.138664,0.119427,0.11659,0.0351911,0.0795876,0.0788925,0.133062,0.126883,0.150601,0.137066,0.148098,0.157679,0.0759901,0.0741089,0.0478751,0.085027,0.128045,0.121833,0.136802,0.102231,0.115848,0.0417281,0.101144,0.113746,0.188515,0.19515,0.218536,0.17749,0.175728,0.122325,0.0820658,0.0636261,0.0806462,0.054532,0.0970593,0.142102,0.123454,0.132365,0.0773849,0.0937123,0.0402538,0.127247,0.14817,0.209507,0.208414,0.218772,0.177116,0.146688,0.114265,0.0973248,0.0248411,0.0593889,0.115526,0.163177,0.156533,0.154621,0.162716,0.084979,0.0983263,0.0546112,0.152069,0.177314,0.220262,0.210973]};
time = 27.4s
size =  50
set_speed = 0.5
