xte_carrot = [0.0544147,0.0321539,0.105002,0.135026,0.115562,0.0462974,0.0271723,0.0727293,0.0907758,0.0590395,0.0141764,0.0625787,0.096847,0.107182,0.0879605,0.0898525,0.0957563,0.0979208,0.0808481,0.0507648,0.0303849,0.0492684,0.056403,0.0389279,0.0209432,0.033966,0.0430005,0.0413536,0.0453192,0.0771228,0.10529,0.117489,0.109002,0.0908607,0.0730705,0.0692986,0.0530182,0.0426441,0.0673118,0.107026,0.116078,0.0859598,0.0339474,0.0374931,0.0784359,0.109782,0.126534,0.130267,0.137066,0.13661,0.113181,0.0740494,0.0298893,0.0371578,0.0823953,0.10306,0.120475,0.110423,0.0996817,0.0772117,0.0310651,0.0495189,0.112056,0.16066,0.193315,0.193094,0.176518,0.158225,0.122104,0.0815633,0.0412286,0.00627469,0.0535848,0.0913035,0.113852,0.120935,0.102408,0.0711311,0.0284281,0.0325235,0.0898196,0.146695,0.18699,0.207661,0.200948,0.177116,0.143851,0.0969371,0.0442286,0.0100377,0.0591778,0.110816,0.144927,0.155498,0.146136,0.12232,0.0728699,0.0188041,0.0526366,0.125886,0.177314,0.208032,0.210973];
time = 27.4s
set_speed = 0.5
