xte_carrot = [0.0508401,0.0557588,0.0493017,0.0504944,0.042262,0.0331123,0.0194959,0.0100311,0.0109964,0.0241819,0.0316605,0.0367674,0.0404318,0.0454629,0.0385265,0.0383509,0.0305114,0.021391,0.0112341,0.00409684,0.0107797,0.0144479,0.0155689,0.0162398,0.0168577,0.0187643,0.0260518,0.0203849,0.012561,0.0074909,0.0128141,0.0171987,0.0195121,0.0311313,0.0327979,0.0324197,0.0225515,0.0249375,0.020929,0.0151406,0.0105244,0.0135722,0.0183357,0.0132832,0.0122831,0.00996134,0.00846267,0.0073439,0.00633806,0.0159918,0.0238096,0.0336993,0.0397925,0.0469929,0.0478146,0.045523,0.0416214,0.0420073,0.0396822,0.0422689,0.0401619,0.0501929,0.0481535,0.0509134,0.0510028,0.0570354,0.0510044,0.0564223,0.0604396,0.0706956,0.0813366,0.0848632,0.0919637,0.083788,0.0872651,0.0862899,0.0972844,0.0895872,0.0898337,0.0905133,0.0984839,0.0926045,0.0950772,0.0880954,0.0957625,0.0951694,0.103939,0.0981517,0.101001,0.0964039,0.103167,0.0937814,0.0972193,0.095983,0.101255,0.0944225,0.095983,0.0900831,0.0994342,0.0979416,0.102388,0.0907635,0.0890008,0.0850314,0.086161,0.0770935,0.0780209,0.0710234,0.0832973,0.0848631,0.0862179,0.0869723,0.0772277,0.0848336,0.0810896,0.0757783,0.0666504,0.0677605,0.0673905,0.0665359,0.0622129,0.0582473,0.054826,0.0560956,0.0506975,0.0485381,0.0381733,0.0269254,0.019509,0.0114693,0.00503029,0.0144181,0.0139655,0.0258271,0.0279682,0.0344132,0.036108,0.0379436,0.0283377,0.0331985,0.0167205,0.0247718,0.0192328,0.0277623,0.0312181,0.0380804,0.0486647,0.0474307,0.0512251,0.0432796,0.0383942,0.0333966,0.0364738,0.0349185,0.0367316,0.0392148,0.0422001,0.049172,0.0529883,0.0442092,0.0464105,0.0390538,0.0400644,0.0413372,0.0472812,0.0471861,0.0430946,0.0354382,0.0279416,0.0216943,0.0158405,0.0212953,0.0262932,0.028771,0.0318711,0.0339999,0.0313122,0.0241321,0.0226039,0.0180475,0.0175945,0.018488,0.0180045,0.0152285,0.0149201,0.0195428,0.0214092];
time = 53.6s
set_speed = 0.2
