xte_vel = [,,,,0.0356842,0.0863234,0.112523,0.126984,0.111813,0.0886102,0.0700361,0.0839316,0.108905,0.125388,0.135623,0.145231,0.146166,0.103427,0.0384351,0.0675636,0.0628558,0.0382115,0.0259643,0.0414997,0.0676138,0.101893,0.131908,0.155417,0.172952,0.199265,0.208615,0.220762,0.247324,0.257458,0.275473,0.280147,0.299853,0.298016,0.312625,0.320286,0.325928,0.336334,0.347546,0.350125,0.34318,0.334708,0.332629,0.309028,0.27587,0.259005,0.226537,0.19758,0.185412,0.174895,0.160573,0.152787,0.150944,0.143274,0.118948,0.103439,0.0665378,0.0267042,0.034489,0.097971,0.168279,0.24424,0.292344,0.331661,0.339094,0.341826,0.32577,0.29414,0.247168,0.203362,0.1567810.10483,0.0643123,0.0216117,0.0262655,0.0555858,0.0757454,0.0814523,0.089026,0.0782678,0.0693493,0.0432854,0.0337945,0.00904592,0.0021894,0.0257061,0.050541,0.0129709,0.0765501,0.0889453,0.0959069,0.0991186,0.109241,0.116852,0.115442,0.127113,0.139698,0.141081,0.159551,0.173914,0.187814,0.210807,0.227471,0.249238,0.265278,0.289997,0.304692,0.312574,0.320784,0.330529,0.336981,0.352719,0.352988,0.370754,0.379062,0.367689,0.360875,0.350036,0.321853,0.296492,0.27506,0.241689,0.226489,0.202483,0.182344,0.158525,0.12991,0.0952741,0.0522677,0.0126717,0.0700599,0.129307,0.20231,0.245198,0.281069,0.297742,0.291646,0.273996,0.255463,0.213456,0.16711,0.119530.0683947,0.0399921,0.0152419,0.0466902,0.078319,0.109416,0.115504,0.122329,0.111075,0.0990226,0.0802439,0.0564621,0.0396341,0.015271,0.011214,0.0337096,0.0478826,0.00823518,0.0660416,0.0802009,0.0915777,0.0833302,0.0840465,0.0831142,0.0823483,0.0766065,0.080377,0.0870537,0.0904217,0.112442,0.12959,0.169777,0.202833,0.242553,0.280747,0.319892,0.358809,0.401617,0.424889,0.446776,0.451488,0.446429,0.4298,0.423953,0.38798,0.3592,0.315514,0.278089,0.213166,0.150765,0.0854597,0.0340287,0.0687523,0.143305,0.207728,0.26256,0.256034,0.22626,0.208404,0.182069,0.172303,0.147034,0.12214,0.0800729,0.0349872,0.0155938,0.061885,0.109391,0.147181,0.17737,0.197259,0.219686,0.221127,0.238308,0.23267,0.215748,0.199852,0.177273,0.141049,0.094033,0.049462,0.0354231,0.0910985,0.153881,0.210683,0.242994,0.274101,0.279934,0.264785,0.247845,0.226688,0.183864,0.147916];
time = 56.8s
thresh = 0.4
set_speed = 0.5
,,,,,