dist_err_vel = {[,,,,,,,,,,,,,,,,,,,,,,,,,,],[0.341133],[0.304937],[0.337194],[0.398898],[0.4521],[0.487957],[0.500316,0.424579],[0.43486],[0.43616],[0.457945],[0.476104],[0.493044],[0.515249,0.435755],[0.453102],[0.455275],[0.463734],[0.465579],[0.472367],[0.474195],[0.49602],[0.520036,0.451521],[0.493924],[0.534951,0.474428],[0.524822,0.471986],[0.524491,0.476933],[0.550865,0.508452,0.467195],[0.546936,0.504693,0.472091],[0.55222,0.517786,0.482114],[0.548446,0.505516,0.455595],[0.512906,0.46132],[0.498305],[0.532608,0.468674],[0.49472],[0.514479,0.443838],[0.453235],[0.463983],[0.457469],[0.453477],[0.428275],[0.405604],[0.386649],[0.366665],[0.359808],[0.369417],[0.395188],[0.450515],[0.526975,0.498293],[0.582725,0.555114,0.517659,0.480979],[0.560558,],[0.514067,0.447264],[0.490598],[0.517354,0.438754],[0.444648],[0.454735],[0.452048],[0.467951],[0.478712],[0.496984],[0.518312,0.444247],[0.469568],[0.483267],[0.499942],[0.503023,0.422003],[0.423119],[0.424071],[0.41746],[0.413828],[0.427892],[0.44434],[0.476708],[0.522182,0.470231],[0.526721,0.485946],[0.55635,0.508009,0.461792],[0.535249,0.487108],[0.565978,0.524689,0.494339],[0.571049,0.534395,0.502694,0.45802],[0.527223,0.476248],[0.540479,0.47623],[0.528116,0.472891],[0.514559,0.454708],[0.487016],[0.51521,0.446023],[0.464943],[0.480753],[0.488401],[0.497368],[0.487153],[0.477115],[0.471936],[0.45504],[0.430268],[0.411363],[0.3999],[0.393328],[0.427512],[0.479135],[0.562645,0.541748,0.514183,0.484668],[0.581411,],[0.569639,0.525102,0.458549],[0.505064,0.439519],[0.462236],[0.483742],[0.489762],[0.497135],[0.514794,0.449091],[0.473039],[0.499816],[0.522309,0.454868],[0.477983],[0.499269],[0.517008,0.435069],[0.444607],[0.454278],[0.468856],[0.475752],[0.482473],[0.495737],[0.509421,0.435589],[0.466772],[0.504883,0.448699],[0.496365],[0.550693,0.493581],[0.560373,0.51191,0.465736],[0.536374,0.490338],[0.563522,0.520648,0.482613],[0.567024,0.528325,0.485836],[0.562891,0.520884,0.481663],[0.540001,0.49609],[0.548458,0.493977],[0.527698,0.469863],[0.492058],[0.51564,0.447272],[0.462513],[0.467895],[0.476408],[0.475291],[0.465381],[0.469851],[0.452894],[0.457269],[0.454693],[0.474501],[0.492573],[0.53397,0.469846],[0.522897,0.468672],[0.530017,0.476589],[0.538806]};
time = 49s
size =  50
thresh = 0.5
set_speed = 0.5
],[,,,,,,,,,,,,,,,,,,,,,,,,,,,,,,,,,,,,,,,,,,,,,,,,,,,,,