xte_pos = [0.22526,0.214608,0.207341,0.198048,0.192667,0.194966,0.20076,0.209787,0.216432,0.224367,0.232153,0.248526,0.259327,0.27248,0.289018,0.294649,0.243282,0.186502,0.16502,0.188561,0.241528,0.258992,0.236769,0.20452,0.179775,0.167397,0.158107,0.157039,0.156958,0.154724,0.152449,0.150035,0.150033,0.156378,0.173254,0.193622,0.213567,0.227252,0.235737,0.226836,0.219178,0.199419,0.189043,0.176908,0.161583,0.157498,0.152975,0.1471,0.148803,0.150765,0.151233,0.148832,0.135618,0.127802,0.122343,0.116932,0.111064,0.109386,0.111186,0.112103,0.113,0.113168,0.1125420.16932,0.192654,0.215174,0.251186,0.272757,0.311744,0.338488,0.344975,0.366416,0.35987,0.360259,0.35014,0.34279,0.338572,0.318099,0.30194,0.301368,0.290003,0.208893,0.124016,0.0706013,0.0957572,0.166017,0.136749,0.107531,0.0784722,0.0639705,0.064669,0.0736426,0.0812816,0.0848245,0.0719335,0.0620708,0.0490193,0.0450089,0.0509974,0.0818961,0.110444,0.150911,0.190962,0.224283,0.246031,0.240928,0.219089,0.201482,0.172243,0.160098,0.143427,0.119996,0.0978485,0.0766683,0.0587942,0.0528705,0.0475996,0.0431064,0.0354864,0.0276443,0.0148828,0.00760056,0.00505173,0.0114448,0.0248529,0.03005250.113944,0.129506,0.158026,0.178027,0.201857,0.218853,0.230086,0.246719,0.256411,0.261893,0.275004,0.276799,0.275358,0.269395,0.271742,0.260148,0.248916,0.238084,0.202181,0.110938,0.0372285,0.0833661,0.140003,0.118565,0.103153,0.0784104,0.0576472,0.0402067,0.0335306,0.0295379,0.0265553,0.0232993,0.0332546,0.0532009,0.0793769,0.110347,0.148313,0.163099,0.170892,0.165198,0.153163,0.13333,0.122983,0.102607,0.0928099,0.0776294,0.0676012,0.0666435,0.0695474,0.073431,0.0812723,0.0941152,0.107807,0.116559,0.119152,0.120729,0.122859,0.120487,0.123218,0.126981,0.130371,0.139629,0.145036,0.147016];
time = 45s
thresh = 0.5
,,,,,,