xte_vel = [0.0706211,0.0965246,0.104297,0.0912411,0.0745902,0.0463902,0.0163726,0.0371433,0.068981,0.10108,0.12182,0.14533,0.152438,0.101207,0.0190723,0.0643839,0.103345,0.0783657,0.0541302,0.0295978,0.0154025,0.0262738,0.0468978,0.0749054,0.0952436,0.108349,0.132063,0.157725,0.181188,0.202625,0.222665,0.235871,0.271561,0.284245,0.305394,0.316682,0.3166,0.329128,0.318603,0.317737,0.317369,0.303537,0.295725,0.282305,0.274661,0.262856,0.251353,0.239365,0.235253,0.218062,0.205158,0.181211,0.158006,0.131623,0.0909753,0.0596315,0.00856025,0.0342563,0.0873567,0.138179,0.19023,0.214129,0.241764,0.248892,0.258145,0.2446580.0920786,0.0849328,0.0778421,0.0497946,0.0278579,0.00808734,0.0284405,0.0485313,0.0675477,0.075585,0.0860465,0.0934251,0.076962,0.0348103,0.0653237,0.0564746,0.038112,0.0389826,0.0654342,0.0965922,0.11682,0.152275,0.161561,0.179349,0.193823,0.204036,0.212637,0.229965,0.240677,0.269642,0.272655,0.28314,0.30614,0.302588,0.307398,0.301167,0.290993,0.283145,0.27175,0.275454,0.265321,0.256749,0.248711,0.239452,0.231875,0.225447,0.214154,0.206372,0.206946,0.19776,0.197643,0.193479,0.184949,0.164238,0.136016,0.102432,0.0549266,0.00416262,0.0494296,0.112191,0.158596,0.198255,0.218344,0.242750.0599089,0.0576611,0.0479505,0.0260199,0.0228393,0.0296866,0.0445464,0.0587477,0.0728475,0.0886946,0.0898788,0.0982824,0.0945823,0.0900286,0.0428039,0.0592607,0.0483607,0.0277684,0.0150078,0.0261576,0.0422624,0.0674333,0.0786787,0.0949052,0.112276,0.131737,0.150622,0.167201,0.188407,0.197888,0.215406,0.227088,0.252059,0.267252,0.286587,0.298713,0.303244,0.315932,0.322399,0.31868,0.323846,0.317458,0.312119,0.295456,0.284275,0.265919,0.252095,0.239438,0.218519,0.195532,0.175965,0.15242,0.128903,0.115754,0.0960939,0.0768423,0.0565544,0.0430552,0.039451,0.0564399,0.0786134,0.102839,0.116976,0.127134,0.131745,0.128306];
time = 49s
thresh = 0.5
set_speed = 0.5
,,,,,,,,,,,