xte_vel = [,,,,,,,,,,,,,,,,,,,0.172227,0.108655,0.0672764,0.0662202,0.0699575,0.0544096,0.0320728,0.0292117,0.0370008,0.0550311,0.080122,0.0993934,0.112559,0.136373,0.166989,0.188285,0.192309,0.206922,0.215451,0.220121,0.224697,0.227157,0.224668,0.115997,0.050036,0.0736189,0.117674,0.0681614,0.0362311,0.0652612,0.117868,0.165006,0.212135,0.244229,0.274579,0.284465,0.29156,0.279146,0.252645,0.222337,0.179998,0.150567,0.104503,0.0663792,0.0343828,0.0222231,0.0398684,0.0643517,0.0727861,0.0618563,0.0466593,0.0297098,0.0247647,0.0403608,0.0518143,0.0586575,0.0626316,0.0731766,0.0679216,0.0623884,0.0519797,0.0364386,0.0292301,0.0267395,0.0231044,0.0220513,0.0201722,0.0220453,0.0210449,0.0196759,0.0192456,0.0160097,0.014001,0.0170354,0.0263472,0.0262885,0.0345894,0.0346924,0.0495262,0.0520523,0.0600624,0.0612614,0.0568014,0.0555595,0.0733618,0.0904413,0.115536,0.131243,0.165777,0.1780270.297371,0.300051,0.30234,0.293985,0.276556,0.269559,0.250226,0.22804,0.208723,0.193842,0.190783,0.186237,0.180118,0.18211,0.180969,0.172904,0.173822,0.165777,0.15073,0.142024,0.123509,0.10478,0.0559556,0.0949761,0.0793027,0.072571,0.0636312,0.0614631,0.0725487,0.0926101,0.107354,0.132553,0.143991,0.15688,0.163811,0.165485,0.16093,0.141075,0.125006,0.103286,0.0878889,0.0823952,0.0774559,0.077079,0.0816436,0.0844796,0.0882349,0.0878091,0.0867049,0.0874701,0.0918378,0.0938165,0.100661,0.0977712,0.097194,0.0862159,0.0822646,0.0725055,0.0632639,0.0567923,0.0528465,0.0466376,0.0388013,0.034239,0.033363,0.0406537,0.0426495,0.0502343,0.0540391,0.062018,0.063726,0.0587094,0.0585933,0.065422,0.0643431,0.0668225,0.0740803,0.0772697,0.0768473,0.087589,0.0922639,0.11382,0.118409,0.143273,0.1583010.231646,0.226622,0.227088,0.218614,0.198725,0.191756,0.177553,0.169053,0.162204,0.163662,0.159131,0.160345,0.154735,0.159196,0.151764,0.137842,0.13514,0.126259,0.125224,0.061064,0.0192962,0.0743124,0.05203,0.0248829,0.0244076,0.050981,0.0837451,0.112688,0.128381,0.155239,0.163629,0.174719,0.177022,0.175803,0.178022,0.161243,0.147102,0.12534,0.0986688,0.0731593,0.0553764,0.0331469,0.0279408,0.0343247,0.041758,0.0441626,0.0400008,0.0413403,0.0565983,0.0638141,0.0833584,0.0939586,0.0969873,0.0997308,0.0913462,0.0870613,0.0716146,0.0681168,0.0574215,0.0469135,0.0436334,0.0472108,0.0517667,0.0571569,0.0618378,0.0692774,0.0639532,0.0677685,0.0646431,0.0663608,0.059663,0.0595784,0.0646295,0.0755774,0.0844362,0.0940489,0.115117,0.133251,0.148447,0.17196];
time = 61.2s
thresh = 0.3
set_speed = 0.4
,,,,