xte_vel = [0.092926,0.0650005,0.0439424,0.0582441,0.0993091,0.126975,0.162048,0.18694,0.220771,0.22571,0.257345,0.249109,0.252424,0.235325,0.224424,0.194635,0.165488,0.129152,0.0828699,0.0394241,0.0194475,0.0357859,0.065949,0.0928357,0.109517,0.119885,0.121476,0.128538,0.121487,0.116445,0.116847,0.113904,0.121272,0.119647,0.120687,0.128262,0.13481,0.131189,0.131081,0.130563,0.1333,0.132883,0.132964,0.126099,0.123721,0.118081,0.112774,0.0989,0.0916354,0.0803936,0.0655984,0.0510876,0.0453691,0.0378081,0.0373499,0.030145,0.0245986,0.0206925,0.0143465,0.0242481,0.0466337,0.066647,0.101531,0.128965,0.150899,0.170918,0.197121,0.207299,0.226848,0.23743,0.241526,0.234329,0.2309660.176073,0.160846,0.151336,0.146147,0.138595,0.143934,0.146301,0.144895,0.149244,0.157388,0.152627,0.159067,0.164622,0.155401,0.149549,0.142063,0.120766,0.0315503,0.0541478,0.0244101,0.0520362,0.0969092,0.151717,0.180938,0.205625,0.219419,0.219959,0.216835,0.203368,0.173829,0.151643,0.128319,0.105394,0.0834,0.0693144,0.0697472,0.0631149,0.0783861,0.0810225,0.0937319,0.109814,0.125238,0.128527,0.125928,0.124192,0.120027,0.112345,0.104285,0.0999438,0.0993809,0.093056,0.0714917,0.0669323,0.0563185,0.0414115,0.022345,0.0167657,0.0348835,0.0579513,0.0758898,0.0980318,0.127459,0.143644,0.174893,0.183784,0.202051,0.214449,0.211609,0.223407,0.225534,0.2190220.182395,0.184705,0.194454,0.180847,0.196493,0.19392,0.185253,0.181996,0.174097,0.159294,0.148568,0.12229,0.105563,0.0914377,0.0822047,0.0711944,0.0611974,0.0474838,0.0315757,0.0160374,0.0127433,0.0233859,0.0574405,0.0829614,0.115247,0.139703,0.162267,0.171383,0.187411,0.185965,0.188157,0.182491,0.166187,0.154434,0.145691,0.12656,0.115926,0.108381,0.101411,0.102261,0.113248,0.121429,0.135651,0.139331,0.151942,0.159625,0.163622,0.165673,0.155032,0.155146,0.147981,0.132614,0.115999,0.0862621,0.0602301,0.0363588,0.0150021,0.0352681,0.0705954,0.102787,0.127602,0.144107,0.157202,0.151637,0.159988,0.150932,0.146748,0.14407,0.141349,0.137243,0.141585];
time = 52s
thresh = 0.3
set_speed = 0.5
,,,