dist_err_vel = {[,,,,,,,,,,,,,,,,,,,,,,,,,,,,,,,],[0.153168],[0.211024],[0.323525,0.338955,0.31073,0.27117],[0.320267,0.272062],[0.334276,0.294559],[0.359742,0.319073,0.293815],[0.342056,0.320745,0.277988],[0.303878,0.25648],[0.265728],[0.258911],[0.256968],[0.248899],[0.237389],[0.233322],[0.233304],[0.243653],[0.253943],[0.281905],[0.311335,0.239981],[0.280003],[0.325503,0.250231],[0.301405,0.235306],[0.292558],[0.357596,0.297816],[0.354746,0.306415,0.245204],[0.312728,0.252458],[0.32224,0.261755],[0.322499,0.257437],[0.307285,0.23742],[0.279975],[0.317691,0.243797],[0.273724],[0.290097],[0.304812,0.22479],[0.237963],[0.242317],[0.246598],[0.247199],[0.248357],[0.251025],[0.255035],[0.27276],[0.288749],[0.322163,0.254251],[0.311814,0.256926],[0.323375,0.282178],[0.350077,0.309979,0.282033],[0.343355,0.298295],[0.361814,],[0.310564,0.26252],[0.327189,0.269362],[0.322606,0.255091],[0.309895,0.24408],[0.296897],[0.335202,0.266429],[0.299635],[0.33036,0.258618],[0.284864],[0.304009,0.229272],[0.235893],[0.232774],[0.221239],[0.202274],[0.19097],[0.183552],[0.197597],[0.240065],[0.292375],[0.348409,0.305506,0.270834],[0.316464,0.269917],[0.314335,0.245356],[0.296713],[0.352896,0.287792],[0.343593,0.276258],[0.327635,0.259575],[0.322529,0.26159],[0.323248,0.273434],[0.338423,0.285693],[0.332465,0.269717],[0.302423,0.23211],[0.256991],[0.27595],[0.300624,0.216022],[0.211658],[0.21673],[0.216556],[0.207114],[0.208836],[0.209915],[0.205886],[0.225102],[0.253405],[0.28905],[0.336978,0.276303],[0.346102,0.290296],[0.364532,0.320068,0.271231],[0.34304,0.294934],[0.358012,],[0.307824,0.256549],[0.309608,0.257776],[0.320803,0.275131],[0.325593,0.279136],[0.332898,0.269283],[0.316202,0.253732],[0.280275],[0.306451,0.225472],[0.235755],[0.237314],[0.243016],[0.239045],[0.238783],[0.229536],[0.226431],[0.227116],[0.228407],[0.24399],[0.276009],[0.314029,0.251689],[0.312919,0.259564],[0.320012,0.276104],[0.339916,0.290091],[0.359959,0.292836],[0.358501,0.300958,0.224953],[0.28723],[0.337713,0.263056],[0.318414,0.258509],[0.305398,0.252006],[0.299561],[0.342115,0.281516],[0.311797,0.253894],[0.269599],[0.291123],[0.307156,0.23381],[0.231907],[0.225436],[0.221488],[0.220625],[0.23577],[0.255091],[0.275388],[0.315406,0.260261],[0.303665,0.252727],[0.292046],[0.352758,0.287371],[0.337242,0.272199],[0.331272,0.258332],[0.324238]};
time = 52s
size =  50
thresh = 0.3
set_speed = 0.5
],[,,,,,,,,,,,,,,,,,,,,,,,,,,,,,,,,,,,,,,,,,,,,,,,,,,,,,