dist_err_carrot = {[2.99919,2.99919,2.98519,2.91521,2.83337,2.74638,2.65965,2.57267,2.48596,2.398,2.30739,2.21586,2.12802,2.04162,1.96173,1.88746,1.80733,1.72536,1.64347,1.55975,1.47524,1.39005,1.3057,1.22249,1.14398,1.06317,0.985382,0.907661,0.830153,0.752526,0.67838,0.603186,0.528279,0.45978,0.388103,0.311724,0.234171,0.157652,0.0920311,0.0547573,0.0707859,0.076681,0.0481745,0.039215,0.0886068,0.0955097,0.126705,0.160002,0.115738,0.139502,0.0708845,0.105039,0.0494303,0.109805,0.112358,0.162054,0.156624,0.168273,0.18755,0.131049,0.110936,0.0985122,0.0403401,0.0223839,0.0606503,0.105834,0.107099,0.108778,0.131696,0.0816306,0.084594,0.0133151,0.0673892,0.135917,0.117964,0.15937,0.121313,0.13119,0.142635,0.0551138,0.0494818,0.0888742,0.0666775,0.11597,0.156449,0.120622,0.135384,0.0675121,0.075243,0.017377,0.0752554,0.151639,0.128629,0.1672,0.128414,0.128809,0.0789898,0.0521674,0.0674712,0.0340892,0.0680268,0.117438,0.0919995,0.114337,0.0659283,0.0955269,0.0189822,0.0861774,0.0752143,0.123989,0.120501,0.142951,0.128307,0.127443,0.132108,0.0726595,0.0512304,0.056506,0.10011,0.0577548,0.106097,0.14385,0.0953984,0.12492,0.0516675,0.10794,0.0852382,0.151326,0.154547,0.186781,0.173713,0.172389,0.168366,0.107046,0.0908002,0.105246,0.0107191,0.0669973,0.123388,0.0918785,0.119241,0.0639888,0.102232,0.0547329,0.130478,0.138482,0.191118,0.18806,0.207452,0.22005,0.177802,0.158276,0.140752,0.128629,0.0573395,0.011278,0.0452945,0.0898786,0.133279,0.104246,0.113257,0.0731134,0.0638015,0.09666,0.0483511,0.110538,0.111604]};
time = 33.2s
size =  50
set_speed = 0.4
