xte_carrot = [2.48504,2.39704,2.30604,2.21404,2.1261,2.03909,1.9591,1.8841,1.80309,1.72008,1.63701,1.553,1.46703,1.38014,1.29515,1.2113,1.13037,1.04863,0.969686,0.892661,0.813725,0.736705,0.660786,0.586201,0.511798,0.440886,0.369444,0.292493,0.218153,0.05471,0.092522,0.118397,0.121572,0.106149,0.0834084,0.057635,0.0375543,0.0362495,0.0635924,0.111623,0.141877,0.156624,0.158491,0.150066,0.131007,0.103294,0.0680291,0.0239512,0.0208936,0.0529103,0.0837813,0.10453,0.101025,0.0956547,0.0772187,0.042451,0.013284,0.0444602,0.0831499,0.114486,0.127221,0.120581,0.116766,0.090989,0.053823,0.0176544,0.0297247,0.0659207,0.105305,0.11732,0.110977,0.0931752,0.0632726,0.0255641,0.016849,0.0572117,0.0959948,0.122279,0.131979,0.126668,0.105954,0.078726,0.0430889,0.0182158,0.0293673,0.0578784,0.0782107,0.0886579,0.0800513,0.062949,0.0409438,0.0130054,0.0403821,0.0740842,0.0982703,0.120265,0.127453,0.128262,0.1228,0.100811,0.0726503,0.04409,0.0190954,0.0352438,0.0549911,0.0858034,0.0894878,0.0791513,0.0562775,0.02635,0.0443786,0.082683,0.122286,0.154063,0.168963,0.173713,0.164015,0.134183,0.106683,0.0737216,0.0403276,0.00916796,0.0383822,0.0676275,0.0785439,0.0661754,0.0469157,0.023049,0.047619,0.0889387,0.137233,0.170253,0.18806,0.199042,0.194323,0.177802,0.156379,0.128112,0.0944959,0.054825,0.01117,0.0367512,0.0672484,0.0915032,0.100597,0.0886412,0.0722485,0.0466502,0.03016,0.0451301,0.0756673,0.111593];
time = 33.2s
set_speed = 0.4
