dist_err_carrot = {[2.96114,2.96114,2.94814,2.89214,2.82315,2.75315,2.68127,2.61224,2.55341,2.49042,2.42566,2.35531,2.28735,2.21629,2.15036,2.09196,2.03368,1.97829,1.92132,1.8685,1.81269,1.75902,1.70232,1.63968,1.58333,1.52278,1.46375,1.40137,1.34003,1.27876,1.2224,1.16138,1.10145,1.03969,0.976196,0.913267,0.851916,0.791791,0.733902,0.674135,0.618865,0.559368,0.50195,0.443938,0.385767,0.33044,0.275782,0.216758,0.163504,0.114909,0.0695091,0.0361248,0.0496779,0.0820913,0.0347457,0.0532772,0.0981135,0.0296839,0.0844212,0.0295744,0.0709334,0.0293641,0.0545148,0.113041,0.0371023,0.0861445,0.0178768,0.0557861,0.105714,0.0459859,0.0898063,0.0560893,0.0812038,0.0493532,0.0601465,0.105449,0.0242253,0.0794567,0.036387,0.0747806,0.128054,0.0728919,0.108888,0.0500832,0.0612607,0.0853856,0.00977154,0.0456303,0.101921,0.0500122,0.0960778,0.0473913,0.0856277,0.0361901,0.062293,0.108061,0.0484505,0.102274,0.0692785,0.0998724,0.144925,0.0904401,0.1165,0.0555592,0.0751822,0.0290753,0.0530968,0.105719,0.0556165,0.0855176,0.037136,0.0701001,0.125153,0.0657679,0.120298,0.0941623,0.129451,0.115567,0.124053,0.143697,0.105589,0.0951714,0.106146,0.0707188,0.054775,0.0823975,0.0407982,0.0443525,0.0870225,0.0370031,0.0647514,0.108635,0.0489549,0.0953625,0.0601524,0.087131,0.138638,0.0861473,0.109956,0.0675618,0.0757193,0.0943491,0.0636664,0.0606973,0.0783636,0.107776,0.043623,0.0617326,0.0951299,0.0409756,0.0518139,0.0850202,0.0368873,0.0569077,0.0963914,0.0493221,0.0581495,0.0901216,0.0467148,0.054447,0.0859062,0.0354783,0.048571,0.0844985,0.0354342,0.0492785,0.0843538,0.0365722,0.0449979,0.0847699,0.0308768,0.0505659,0.085622,0.0311693,0.0514374,0.0876036,0.0288432,0.0543953,0.10686,0.037296]};
time = 35.8s
size =  50
set_speed = 0.3
