xte_carrot = [2.02892,2.02892,1.91662,1.83332,1.76679,1.71908,1.66522,1.62427,1.57555,1.54076,1.49656,1.46901,1.42402,1.38885,1.33978,1.31726,1.27198,1.24074,0.0496648,0.0666046,0.0634471,0.0455843,0.048462,0.0588096,0.0762416,0.0848346,0.0766864,0.0518753,0.0313836,0.0157384,0.0227117,0.0329649,0.0356843,0.0356782,0.0276577,0.00771296,0.0167686,0.042093,0.0614896,0.0812372,0.0912776,0.0965956,0.0892824,0.0838581,0.0779343,0.0595515,0.0457366,0.0132473,0.00909485,0.0270485,0.0371378,0.0431614,0.0334806,0.0329496,0.0384594,0.0433962,0.0524142,0.0600521,0.07253,0.0711344,0.0772724,0.0721886,0.05981,0.0354592,0.0253716,0.022775,0.0404546,0.0505962,0.0571375,0.0508288,0.0434786,0.0317241,0.0294006,0.0379836,0.0566744,0.07176,0.0798739,0.0799666,0.0754454,0.0680466,0.0492799,0.0261385,0.0136398,0.00889768,0.0232332,0.0420756,0.0484274,0.0462451,0.0462232,0.0409514,0.0444859,0.0528841,0.0614263,0.0767411,0.0760708,0.0837141,0.0733913,0.0633006,0.0403378,0.0254117,0.0123951,0.0325508,0.0410043,0.05028,0.0549655];
time = 26.6s
set_speed = 0.4
