xte_vel = [2.43171,2.43171,2.29795,2.19702,2.14733,2.10213,2.05904,2.01744,1.97851,1.94112,1.90609,1.86873,1.83546,1.80567,1.77887,1.75136,1.72087,1.69892,1.66822,1.63788,1.60064,1.57192,1.54057,1.51503,1.48132,1.45027,1.41382,1.37929,1.33604,1.29691,1.25941,1.23169,1.19085,1.15471,1.11584,1.07103,1.02744,0.984197,0.937052,0.891829,0.843186,0.798059,0.748158,0.699601,0.645862,0.597383,0.545689,0.492163,0.441804,0.392661,0.344915,0.28857,0.236621,0.194988,0.158057,0.131254,0.109437,0.0969579,0.0802224,0.0685444,0.050292,0.0391307,0.0278774,0.0198191,0.0179695,0.0107006,0.0102462,0.0124238,0.0275905,0.0348698,0.043175,0.0517452,0.0573325,0.0604093,0.0634921,0.0642055,0.0728582,0.0815577,0.0835248,0.09295,0.0964073,0.105271,0.108494,0.111525,0.120291,0.128379,0.130057,0.131748,0.127143,0.123527,0.119042,0.110402,0.107914,0.093226,0.0859398,0.0846222,0.0767899,0.0688584,0.0651802,0.0582499,0.053471,0.0451244,0.0411954,0.0412516,0.0409618,0.0504456,0.0552635,0.0527673,0.0559516,0.0526222,0.0493096,0.0467744,0.0473622,0.0473048,0.0449786,0.0381009,0.0329029,0.0303417,0.0275018,0.0283194,0.0337018,0.0375579,0.0408139,0.0410541,0.039201,0.0383083,0.0382699,0.0384865,0.0389536,0.0342243,0.0341152,0.0350566,0.0381484,0.0390638,0.0389376,0.0426629,0.0449297,0.0406968,0.0420084,0.0443135,0.0358622,0.0318139,0.0406152,0.0262061,0.0237604,0.0190044,0.0203754,0.0193503,0.0238987,0.021539,0.0194622,0.0212136,0.0151215,0.00335425,0.0023795];
time = 30.8s
thresh = 0.5
set_speed = 0.3
