rmse_vel = {[3.03507,3.03507,3.01908,2.94708,2.86908,2.78514,2.70715,2.62124,2.54224,2.45832,2.38034,2.29535,2.21936,2.13165,2.05367,1.9737,1.90091,1.82095,1.74599,1.6551,1.57316,1.48522,1.40729,1.32637,1.25413,1.17255,1.09849,1.01556,0.941685,0.864915,0.793089,0.709336,0.635981,0.557609,0.481026,0.411541,0.334341,0.263509,0.188926],[0.135894],[0.283342,0.309458,0.295965,0.265845,0.217468,0.169314],[0.254764,0.203916,0.152483],[0.235652,0.17917],[0.274752,0.226298,0.174888],[0.259111,0.20959,0.156161],[0.249555,0.192108],[0.283942,0.234455,0.183889],[0.27173,0.230372,0.181276],[0.26683,0.220479,0.175072],[0.25643,0.219535,0.17103],[0.264659,0.214615,0.177988],[0.273304,0.234436,0.18612],[0.293063,0.25084,0.223114,0.19348],[0.286581,0.251304,0.21338,0.167043],[0.262618,0.212225,0.173841],[0.264018,0.223284,0.179109],[0.281606,0.233066,0.197776],[0.298093,0.257345,0.213987,0.171984],[0.271586,0.217262,0.1726],[0.26108,0.215821,0.166693],[0.257024,0.210662,0.161092],[0.245808,0.195738],[0.283272,0.230707,0.192022],[0.27924,0.228354,0.173608],[0.258402,0.202436,0.145213],[0.223764,0.169338],[0.251121,0.195384],[0.280506,0.225532,0.170467],[0.248914,0.17986],[0.263704,0.201265,0.14132],[0.212532,0.155594],[0.224454,0.16514],[0.23546,0.168284],[0.240286,0.17131],[0.240403,0.176241],[0.254551,0.182472],[0.258368,0.191069],[0.258892,0.194824],[0.273067,0.205004,0.144337],[0.221764,0.154509],[0.22481,0.153855],[0.228863,0.153415],[0.233645,0.162951],[0.246317,0.183585],[0.260971,0.181947],[0.259268,0.186477],[0.267532,0.189111],[0.259208]};
time = 33s
size =  50
thresh = 0.2
set_speed = 0.3
