xte_vel = [2.32037,2.32037,2.19975,2.09497,2.00443,1.92109,1.83489,1.75861,1.68003,1.59756,1.51818,1.44127,1.36478,1.2815,1.19643,1.11385,1.0314,0.955397,0.876219,0.794653,0.721405,0.639772,0.556512,0.470812,0.382705,0.303866,0.220584,0.0224256,0.0453265,0.0676923,0.0762137,0.0794801,0.0708697,0.0636479,0.0556025,0.0442113,0.0352714,0.0255242,0.0237141,0.0152816,0.00161871,0.0103667,0.0137502,0.0225709,0.0343848,0.0388846,0.0437363,0.0388144,0.0383183,0.0282349,0.0288737,0.029541,0.0209309,0.0172757,0.0098295,0.0130398,0.016817,0.0207528,0.0156726,0.0240477,0.0195706,0.0218175,0.025024,0.0224561,0.0247516,0.0213488,0.0184933,0.0184253,0.00839283,0.0108055,0.0144359,0.0185487,0.0103825,0.0156534,0.0111228,0.0170831,0.0217438,0.0264234,0.0207346,0.0260331,0.0202418,0.0159062,0.0200883,0.0253185,0.0206309,0.0242201,0.0184145,0.0132285,0.0166963,0.0155722,0.0205749,0.020142];
time = 19.2s
thresh = 0.3
set_speed = 0.5
