xte_vel = [2.51059,2.51059,2.49646,2.43317,2.36517,2.2954,2.22887,2.15936,2.09378,2.0295,1.96581,1.89641,1.83436,1.77012,1.70643,1.64111,1.58462,1.5193,1.45807,1.38248,1.31554,1.2437,1.18003,1.11391,1.05194,0.988203,0.923507,0.851583,0.791236,0.724402,0.665756,0.59737,0.534458,0.466459,0.404019,0.347389,0.281397,0.227398,0.166508,0.0371099,0.0374404,0.0411737,0.0339396,0.0398745,0.0367829,0.040778,0.0405705,0.0495464,0.0557621,0.0601999,0.0593689,0.0598417,0.0609897,0.0592171,0.0530591,0.0680435,0.0720381,0.082089,0.0833309,0.0953728,0.0930606,0.100666,0.0927141,0.0986803,0.0911455,0.084818,0.0710415,0.0707519,0.0609789,0.059944,0.0487812,0.0482891,0.0438598,0.0478888,0.0564192,0.059799,0.0625809,0.0683299,0.0647778,0.0627347,0.0566157,0.0554457,0.0475397,0.0446375,0.03083,0.031955,0.0330586,0.0363735,0.0350764,0.0454745,0.045169,0.0407596,0.0394624,0.0400659,0.0385032,0.0382194,0.0382515,0.0345287,0.0398268,0.0396168,0.0431756,0.0431076,0.0392271,0.0342473,0.0367719,0.0362796,0.0388898,0.0431694,0.0380079,0.0378152,0.0336159,0.0296791,0.0303012,0.0320076,0.0273989,0.0339987,0.0324059,0.0398283,0.0377194,0.0392766,0.0379617,0.0401627,0.0409334,0.0429186,0.0419145,0.0380093,0.0350144,0.0294322,0.0177036,0.00959844,0.0119094,0.0158021,0.022406,0.0259824,0.025277,0.023168,0.0190764,0.0225368,0.0181925,0.0167036,0.0174912,0.0175576,0.0196664,0.0176215,0.0205586,0.0195034,0.0198391,0.0188687,0.0125626,0.011746,0.00737579,0.00984887,0.0129358,0.0176404,0.0201234,0.0248302,0.0194367,0.0204527,0.00955775,0.0145076];
time = 33s
thresh = 0.2
set_speed = 0.3
