rmse_vel = {[2.98909,2.98909,2.84212,2.71709,2.67223,2.64525,2.61536,2.58636,2.55569,2.5247,2.49164,2.45764,2.42274,2.38849,2.34795,2.31198,2.27546,2.23901,2.2072,2.17348,2.13292,2.09228,2.05687,2.01882,1.98667,1.95018,1.9143,1.87558,1.83427,1.79611,1.76353,1.72908,1.69304,1.65451,1.6158,1.57094,1.53088,1.4897,1.44332,1.40184,1.36417,1.32126,1.28313,1.23991,1.19529,1.15101,1.11363,1.07597,1.02433,0.984759,0.936507,0.891628,0.852097,0.8068,0.761581,0.720765,0.683079,0.645546,0.598844,0.554104,0.5179,0.482036],[0.299585],[0.13819],[0.124801],[0.283423],[0.467089],[0.616324,0.606807,0.589956,0.562616,0.53867,0.518132,0.494246],[0.59514,0.581174,0.550273,0.52994,0.499463],[0.611691,0.579941,0.5484,0.512339,0.480788],[0.576087,0.536922,0.49323],[0.588419,0.545952,0.507043,0.476207],[0.571552,0.540768,0.491607],[0.590479,0.546108,0.507413,0.465154],[0.568595,0.531394,0.486842],[0.582105,0.536682,0.493274],[0.59012,0.543143,0.497699],[0.597851,0.564921,0.526495,0.486454],[0.580593,0.538847,0.5002,0.456503],[0.553953,0.520371,0.483479],[0.577513,0.541228,0.500037,0.459222],[0.558702,0.513468,0.477079],[0.564747,0.528494,0.485298],[0.574593,0.533265,0.489449],[0.585416,0.539863,0.491164],[0.590545,0.549219,0.508009,0.470643],[0.571134,0.534784,0.487273],[0.589419,0.546534,0.50078,0.454822],[0.557369,0.515303,0.472381],[0.568076,0.52653,0.490291],[0.592267,0.548727,0.510895,0.475916],[0.57598,0.548615,0.511838,0.482667],[0.584056,0.547999,0.512152,0.474764],[0.573937,0.542423,0.50632,0.471996],[0.566247,0.537619,0.500574,0.458085],[0.563284,0.521112,0.490051],[0.595286,0.560175,0.522999,0.490212],[0.591798,0.558009,0.524821,0.496088],[0.60439,0.573066,0.540684,0.50837,0.474493],[0.581773,0.543208,0.508928,0.465028],[0.567903,0.529069,0.490653],[0.588833,0.550983,0.511468,0.47144],[0.57231,0.533341,0.487333],[0.583107,0.541891,0.497017],[0.589589,0.551729,0.503002,0.454314],[0.549395,0.50383,0.457074],[0.554121,0.507437,0.465892],[0.562419,0.512329,0.463332],[0.55773,0.52136,0.482448],[0.5703,0.52313,0.479947],[0.572463]};
time = 44.6s
size =  50
thresh = 0.5
set_speed = 0.2
