xte_vel = [2.5402,2.5402,2.45883,2.34257,2.24075,2.15541,2.0718,1.98769,1.90758,1.82496,1.75724,1.68368,1.61463,1.54283,1.47134,1.40566,1.33418,1.26237,1.19914,1.13173,1.06189,0.989266,0.918249,0.843294,0.773116,0.691444,0.618414,0.152423,0.148531,0.154085,0.154594,0.150374,0.139022,0.122465,0.109187,0.0885233,0.06828,0.046555,0.0412432,0.0319305,0.0429417,0.0594646,0.0679626,0.0760937,0.0855151,0.0903706,0.0961495,0.0970934,0.0899695,0.0910873,0.0834806,0.0711679,0.063658,0.0648452,0.0578501,0.0472089,0.0411796,0.0363496,0.0325741,0.0329751,0.0313455,0.030156,0.0352534,0.0338951,0.0392067,0.0374787,0.0426295,0.0411348,0.0414732,0.0542643,0.0547727,0.0581216,0.0553718,0.0537122,0.0455368,0.0438988,0.0349745,0.0337176,0.0376364,0.0355937,0.0344766,0.0351988,0.0346523,0.0354089,0.034158,0.0335928,0.0325113,0.0225872,0.0234103,0.0172792,0.0166874,0.0117557,0.0152696,0.0188808,0.0230545,0.0267258,0.035087];
time = 21s
thresh = 0.4
set_speed = 0.5
