xte_vel = [2.43002,2.43002,2.32233,2.20082,2.11106,2.03356,1.96001,1.88817,1.82012,1.75508,1.69308,1.62788,1.57061,1.51421,1.4554,1.39338,1.33628,1.28278,1.21764,1.15944,1.09409,1.0308,0.966717,0.903798,0.839702,0.775356,0.0326296,0.0450533,0.0516939,0.0530053,0.0579008,0.0631857,0.059282,0.0630279,0.0588954,0.0546154,0.0550036,0.0508117,0.0507542,0.0554655,0.0555328,0.0689841,0.0689942,0.0737771,0.0738994,0.0744529,0.0752194,0.0761308,0.0770538,0.0782064,0.0791255,0.0711216,0.0854029,0.0863189,0.0789533,0.0760383,0.0774047,0.066767,0.0586334,0.0595496,0.0521426,0.043991,0.0472019,0.0413073,0.0436273,0.0472134,0.040184,0.0485879,0.05442,0.0585118,0.0621603,0.0575859,0.0535351,0.0455511,0.0465706,0.0434919,0.0500216,0.0475699,0.048678,0.0458104,0.0515277,0.0523022,0.0483206,0.0404588,0.0278115,0.0283996,0.0205541,0.019538,0.0172082,0.0187612,0.0196894,0.0243514,0.0237995,0.0274902,0.0367393,0.0367463,0.0380585,0.039862,0.0422309,0.0392359,0.0407272,0.0283393,0.021425,0.0204437,0.0183806,0.0173055,0.0181456,0.0171742,0.0134568];
time = 24.4s
thresh = 0.3
set_speed = 0.4
