rmse_vel = {[3.10333,3.10333,2.96434,2.84455,2.81754,2.80354,2.79119,2.77509,2.762,2.74412,2.72197,2.69271,2.67972,2.66246,2.64571,2.62554,2.61776,2.60268,2.59659,2.58073,2.57649,2.559,2.55629,2.56452,2.55126,2.54986,2.53401,2.53113,2.52012,2.51376,2.49443,2.4928,2.4706,2.46619,2.44649,2.4419,2.42034,2.41099,2.4049,2.38459,2.37344,2.34701,2.33236,2.30224,2.28423,2.25448,2.22587,2.19147,2.16996,2.13167,2.11022,2.07021,2.0501,2.0209,1.99215,1.96171,1.92702,1.89406,1.84651,1.80529,1.76444,1.71981,1.67419,1.62953,1.59593,1.55576,1.51744,1.47842,1.4387,1.3971,1.35795,1.30891,1.26576,1.21805,1.17966,1.13584,1.09681,1.05602,1.02148,0.992438,0.961552,0.9255,0.890211,0.852151,0.816164,0.770475,0.737035,0.698838,0.666628,0.627964,0.597283,0.563807,0.521092,0.486416,0.448582,0.408675,0.382179,0.34093,0.307174,0.268257],[0.185431],[0.240254],[0.372274,0.377127,0.365879,0.343589,0.316722,0.285594],[0.39056,0.361932,0.327346,0.293534],[0.393154,0.364723,0.326247,0.281045],[0.381278,0.339439,0.292557],[0.388137,0.346704,0.309087,0.265356],[0.361676,0.324299,0.292559],[0.392557,0.347213,0.311469,0.269458],[0.371744,0.327636,0.296202],[0.385999,0.342297,0.297454],[0.395153,0.361683,0.327094,0.296479],[0.400032,0.36499,0.328495,0.304334,0.269998],[0.378097,0.333857,0.300355,0.265776],[0.364071,0.334321,0.294375],[0.399768,0.363012,0.325741,0.293056],[0.395504,0.360549,0.322789,0.28625],[0.391261,0.350124,0.31177,0.2714],[0.372132,0.333409,0.300223,0.262413],[0.353228,0.314322,0.281442],[0.385325,0.339917,0.297442],[0.39568,0.357128,0.306264,0.273581],[0.368212,0.33032,0.280542],[0.37226,0.326932,0.287084],[0.380743,0.341316,0.289696],[0.390243,0.346883,0.308416,0.271478],[0.36594,0.326423,0.279506],[0.381484,0.33597,0.296509],[0.386883,0.340391,0.300547,0.261341],[0.363083,0.323228,0.277971],[0.380156,0.335702,0.298329],[0.395467,0.362095,0.31771,0.28454],[0.385171,0.345419,0.306838,0.270789],[0.383074,0.339701,0.305114,0.268401],[0.370265,0.327438,0.297134],[0.399678,0.367394,0.340482,0.302179,0.270815],[0.379983,0.343256,0.305062,0.275495],[0.378852,0.337025,0.299666],[0.405449,0.355538,0.322524,0.286266],[0.380912,0.342976,0.300209,0.26109],[0.361404,0.324881,0.275319],[0.378143,0.332631,0.282859],[0.382632,0.330672,0.290469],[0.373864,0.332244,0.289559],[0.380283,0.332228,0.294618],[0.389856,0.352119,0.304989,0.258844],[0.355151,0.310366,0.272254],[0.366471,0.332445,0.2887],[0.3952]};
time = 53.4s
size =  50
thresh = 0.3
set_speed = 0.2
